    -9.80000      0.00000
    -9.40000      0.01250
    -9.00000      0.00000
    -8.60000      0.00000
    -8.20000      0.03750
    -7.80000      0.07500
    -7.40000      0.13750
    -7.00000      0.22500
    -6.60000      0.50000
    -6.20000      0.82500
    -5.80000      1.87500
    -5.40000      3.96250
    -5.00000      7.12500
    -4.60000     10.51250
    -4.20000     15.58750
    -3.80000     20.60000
    -3.40000     25.91250
    -3.00000     32.25000
    -2.60000     38.57500
    -2.20000     42.43750
    -1.80000     46.60000
    -1.40000     50.18750
    -1.00000     48.15000
    -0.60000     46.81250
    -0.20000     44.01250
     0.20000     46.72500
     0.60000     49.28750
     1.00000     53.06250
     1.40000     52.76250
     1.80000     53.53750
     2.20000     50.02500
     2.60000     47.16250
     3.00000     42.26250
     3.40000     36.86250
     3.80000     30.76250
     4.20000     25.55000
     4.60000     19.97500
     5.00000     13.31250
     5.40000      7.96250
     5.80000      5.21250
     6.20000      2.68750
     6.60000      1.55000
     7.00000      0.52500
     7.40000      0.17500
     7.80000      0.06250
     8.20000      0.03750
     8.60000      0.05000
     9.00000      0.01250
     9.40000      0.01250
     9.80000      0.00000
 after hadron evolution
    -9.80000      0.00000
    -9.40000      0.01250
    -9.00000      0.00000
    -8.60000      0.01250
    -8.20000      0.05000
    -7.80000      0.03750
    -7.40000      0.12500
    -7.00000      0.22500
    -6.60000      0.60000
    -6.20000      1.11250
    -5.80000      2.48750
    -5.40000      5.05000
    -5.00000      9.37500
    -4.60000     15.63750
    -4.20000     24.11250
    -3.80000     33.40000
    -3.40000     43.97500
    -3.00000     54.53750
    -2.60000     66.22500
    -2.20000     74.95000
    -1.80000     84.53750
    -1.40000     89.35000
    -1.00000     93.21249
    -0.60000     92.38750
    -0.20000     90.16249
     0.20000     95.76250
     0.60000     97.78749
     1.00000     99.93749
     1.40000     98.01250
     1.80000     94.61250
     2.20000     88.14999
     2.60000     81.41250
     3.00000     72.10000
     3.40000     62.05000
     3.80000     50.13750
     4.20000     39.70000
     4.60000     28.97500
     5.00000     17.35000
     5.40000     10.67500
     5.80000      5.50000
     6.20000      3.10000
     6.60000      1.43750
     7.00000      0.51250
     7.40000      0.21250
     7.80000      0.02500
     8.20000      0.00000
     8.60000      0.00000
     9.00000      0.00000
     9.40000      0.00000
     9.80000      0.01250
