 after hadron evolution
     0.02500     54.13309
     0.07500     48.35370
     0.12500     35.57367
     0.17500     32.25663
     0.22500     28.05528
     0.27500     23.59244
     0.32500     19.85566
     0.37500     15.63152
     0.42500     13.16012
     0.47500     11.34164
     0.52500      9.12101
     0.57500      7.62550
     0.62500      6.64640
     0.67500      5.38488
     0.72500      4.38998
     0.77500      3.93957
     0.82500      3.56509
     0.87500      2.67150
     0.92500      2.39445
     0.97500      2.14302
     1.02500      1.28157
     1.07500      1.36878
     1.12500      1.48131
     1.17500      0.77926
     1.22500      0.84114
     1.27500      0.79247
     1.32500      0.57718
     1.37500      0.64138
     1.42500      0.36460
     1.47500      0.30401
     1.52500      0.17354
     1.57500      0.29000
     1.62500      0.18945
     1.67500      0.18418
     1.72500      0.11254
     1.77500      0.17644
     1.82500      0.15095
     1.87500      0.08415
     1.92500      0.06207
     1.97500      0.04036
     2.02500      0.09918
     2.07500      0.09725
     2.12500      0.05737
     2.17500      0.01867
     2.22500      0.03673
     2.32500      0.01767
     2.42500      0.01703
     2.47500      0.01678
