    -9.80000      0.00000
    -9.40000      0.00000
    -9.00000      0.00000
    -8.60000      0.00000
    -8.20000      0.00000
    -7.80000      0.00000
    -7.40000      0.00000
    -7.00000      0.00000
    -6.60000      0.00000
    -6.20000      0.00000
    -5.80000      0.07500
    -5.40000      1.91250
    -5.00000      4.33750
    -4.60000      9.01250
    -4.20000     13.08750
    -3.80000     16.45000
    -3.40000     15.56250
    -3.00000     14.02500
    -2.60000     11.51250
    -2.20000      9.85000
    -1.80000      8.17500
    -1.40000      7.20000
    -1.00000      5.75000
    -0.60000      4.27500
    -0.20000      3.50000
     0.20000      4.00000
     0.60000      4.52500
     1.00000      5.40000
     1.40000      7.25000
     1.80000      9.63750
     2.20000     12.77500
     2.60000     16.22500
     3.00000     21.61250
     3.40000     23.48750
     3.80000     26.88750
     4.20000     26.53750
     4.60000     20.18750
     5.00000     13.50000
     5.40000      6.07500
     5.80000      0.61250
     6.20000      0.01250
     6.60000      0.00000
     7.00000      0.00000
     7.40000      0.00000
     7.80000      0.00000
     8.20000      0.00000
     8.60000      0.00000
     9.00000      0.00000
     9.40000      0.00000
     9.80000      0.00000
 after hadron evolution
    -9.80000      0.00000
    -9.40000      0.00000
    -9.00000      0.00000
    -8.60000      0.00000
    -8.20000      0.00000
    -7.80000      0.00000
    -7.40000      0.00000
    -7.00000      0.00000
    -6.60000      0.00000
    -6.20000      0.00000
    -5.80000      0.11250
    -5.40000      1.97500
    -5.00000      4.31250
    -4.60000      8.96250
    -4.20000     13.15000
    -3.80000     16.37500
    -3.40000     15.11250
    -3.00000     14.51250
    -2.60000     11.48750
    -2.20000     10.18750
    -1.80000      8.48750
    -1.40000      7.32500
    -1.00000      5.26250
    -0.60000      3.65000
    -0.20000      3.21250
     0.20000      3.96250
     0.60000      4.67500
     1.00000      5.12500
     1.40000      7.31250
     1.80000      9.66250
     2.20000     12.97500
     2.60000     16.42500
     3.00000     21.62500
     3.40000     23.33750
     3.80000     26.91250
     4.20000     26.52500
     4.60000     20.40000
     5.00000     12.97500
     5.40000      6.42500
     5.80000      0.65000
     6.20000      0.01250
     6.60000      0.00000
     7.00000      0.00000
     7.40000      0.00000
     7.80000      0.00000
     8.20000      0.00000
     8.60000      0.00000
     9.00000      0.00000
     9.40000      0.00000
     9.80000      0.00000
