    -9.80000      0.00000
    -9.40000      0.00000
    -9.00000      0.00000
    -8.60000      0.00000
    -8.20000      0.00000
    -7.80000      0.00000
    -7.40000      0.00000
    -7.00000      0.00000
    -6.60000      0.00000
    -6.20000      0.00000
    -5.80000      0.00000
    -5.40000      0.05000
    -5.00000      0.16250
    -4.60000      0.35000
    -4.20000      0.60000
    -3.80000      1.35000
    -3.40000      2.48750
    -3.00000      3.56250
    -2.60000      3.90000
    -2.20000      5.45000
    -1.80000      6.37500
    -1.40000      8.41250
    -1.00000      8.42500
    -0.60000      8.73750
    -0.20000      9.23750
     0.20000      9.38750
     0.60000      9.52500
     1.00000     10.06250
     1.40000      8.77500
     1.80000      8.36250
     2.20000      6.63750
     2.60000      5.63750
     3.00000      4.53750
     3.40000      3.38750
     3.80000      2.13750
     4.20000      1.61250
     4.60000      0.76250
     5.00000      0.43750
     5.40000      0.08750
     5.80000      0.01250
     6.20000      0.00000
     6.60000      0.00000
     7.00000      0.00000
     7.40000      0.00000
     7.80000      0.00000
     8.20000      0.00000
     8.60000      0.00000
     9.00000      0.00000
     9.40000      0.00000
     9.80000      0.00000
 after hadron evolution
    -9.80000      0.00000
    -9.40000      0.00000
    -9.00000      0.00000
    -8.60000      0.00000
    -8.20000      0.00000
    -7.80000      0.00000
    -7.40000      0.00000
    -7.00000      0.00000
    -6.60000      0.00000
    -6.20000      0.00000
    -5.80000      0.00000
    -5.40000      0.06250
    -5.00000      0.23750
    -4.60000      0.58750
    -4.20000      1.22500
    -3.80000      2.60000
    -3.40000      3.90000
    -3.00000      5.82500
    -2.60000      6.92500
    -2.20000      8.48750
    -1.80000      9.57500
    -1.40000     12.51250
    -1.00000     12.31250
    -0.60000     13.32500
    -0.20000     14.13750
     0.20000     14.02500
     0.60000     14.73750
     1.00000     14.01250
     1.40000     13.18750
     1.80000     12.53750
     2.20000     11.07500
     2.60000      9.68750
     3.00000      7.50000
     3.40000      5.86250
     3.80000      4.26250
     4.20000      2.56250
     4.60000      1.20000
     5.00000      0.63750
     5.40000      0.16250
     5.80000      0.01250
     6.20000      0.02500
     6.60000      0.00000
     7.00000      0.00000
     7.40000      0.00000
     7.80000      0.00000
     8.20000      0.00000
     8.60000      0.00000
     9.00000      0.00000
     9.40000      0.00000
     9.80000      0.00000
