    -9.80000      0.00000
    -9.40000      0.00000
    -9.00000      0.00000
    -8.60000      0.00000
    -8.20000      0.00000
    -7.80000      0.00000
    -7.40000      0.00000
    -7.00000      0.00000
    -6.60000      0.03750
    -6.20000      0.17500
    -5.80000      1.16250
    -5.40000      2.83750
    -5.00000      8.10000
    -4.60000     16.75000
    -4.20000     30.17500
    -3.80000     49.51250
    -3.40000     70.41250
    -3.00000     93.37499
    -2.60000    116.28749
    -2.20000    141.42499
    -1.80000    163.81248
    -1.40000    181.37498
    -1.00000    191.68748
    -0.60000    205.97499
    -0.20000    211.21249
     0.20000    215.02499
     0.60000    212.89999
     1.00000    208.71249
     1.40000    202.02499
     1.80000    189.27499
     2.20000    170.96249
     2.60000    149.47499
     3.00000    127.83749
     3.40000    102.28749
     3.80000     76.47500
     4.20000     55.65000
     4.60000     34.86250
     5.00000     18.86250
     5.40000      8.71250
     5.80000      3.31250
     6.20000      0.91250
     6.60000      0.31250
     7.00000      0.05000
     7.40000      0.00000
     7.80000      0.00000
     8.20000      0.00000
     8.60000      0.00000
     9.00000      0.00000
     9.40000      0.00000
     9.80000      0.00000
 after hadron evolution
    -9.80000      0.00000
    -9.40000      0.00000
    -9.00000      0.00000
    -8.60000      0.00000
    -8.20000      0.00000
    -7.80000      0.00000
    -7.40000      0.00000
    -7.00000      0.01250
    -6.60000      0.12500
    -6.20000      0.68750
    -5.80000      2.62500
    -5.40000      7.11250
    -5.00000     18.31250
    -4.60000     34.45000
    -4.20000     58.47499
    -3.80000     88.60000
    -3.40000    122.16249
    -3.00000    157.16249
    -2.60000    190.88748
    -2.20000    227.52499
    -1.80000    257.82498
    -1.40000    290.34998
    -1.00000    308.64999
    -0.60000    334.07498
    -0.20000    339.21249
     0.20000    344.81247
     0.60000    344.09998
     1.00000    333.96249
     1.40000    319.79999
     1.80000    294.92499
     2.20000    267.76248
     2.60000    244.42499
     3.00000    210.58749
     3.40000    174.92499
     3.80000    136.21249
     4.20000    100.05000
     4.60000     65.68749
     5.00000     38.08750
     5.40000     19.48750
     5.80000      7.66250
     6.20000      2.65000
     6.60000      0.56250
     7.00000      0.08750
     7.40000      0.00000
     7.80000      0.00000
     8.20000      0.00000
     8.60000      0.00000
     9.00000      0.00000
     9.40000      0.00000
     9.80000      0.00000
