    -9.80000      0.00000
    -9.40000      0.00000
    -9.00000      0.00000
    -8.60000      0.00000
    -8.20000      0.00000
    -7.80000      0.00000
    -7.40000      0.00000
    -7.00000      0.00000
    -6.60000      0.02500
    -6.20000      0.08750
    -5.80000      0.46250
    -5.40000      0.85000
    -5.00000      2.86250
    -4.60000      6.31250
    -4.20000     10.20000
    -3.80000     16.27500
    -3.40000     21.11250
    -3.00000     28.41250
    -2.60000     36.03750
    -2.20000     40.80000
    -1.80000     47.97500
    -1.40000     52.52500
    -1.00000     55.97500
    -0.60000     57.43750
    -0.20000     59.06250
     0.20000     62.58750
     0.60000     61.45000
     1.00000     60.41249
     1.40000     57.76250
     1.80000     56.30000
     2.20000     48.97500
     2.60000     45.16250
     3.00000     39.90000
     3.40000     33.92500
     3.80000     27.02500
     4.20000     20.32500
     4.60000     13.93750
     5.00000      6.96250
     5.40000      3.07500
     5.80000      1.28750
     6.20000      0.38750
     6.60000      0.10000
     7.00000      0.00000
     7.40000      0.00000
     7.80000      0.00000
     8.20000      0.00000
     8.60000      0.00000
     9.00000      0.00000
     9.40000      0.00000
     9.80000      0.00000
 after hadron evolution
    -9.80000      0.00000
    -9.40000      0.00000
    -9.00000      0.00000
    -8.60000      0.00000
    -8.20000      0.00000
    -7.80000      0.00000
    -7.40000      0.00000
    -7.00000      0.01250
    -6.60000      0.07500
    -6.20000      0.21250
    -5.80000      1.06250
    -5.40000      2.31250
    -5.00000      5.77500
    -4.60000     11.36250
    -4.20000     18.50000
    -3.80000     27.98750
    -3.40000     37.73750
    -3.00000     49.82500
    -2.60000     62.18750
    -2.20000     71.95000
    -1.80000     83.67500
    -1.40000     92.56249
    -1.00000    100.41249
    -0.60000    107.86250
    -0.20000    108.06249
     0.20000    115.27499
     0.60000    114.42500
     1.00000    108.03749
     1.40000    102.22499
     1.80000     94.95000
     2.20000     86.97500
     2.60000     78.53750
     3.00000     67.89999
     3.40000     56.33750
     3.80000     45.56250
     4.20000     33.08750
     4.60000     21.76250
     5.00000     12.11250
     5.40000      6.65000
     5.80000      2.58750
     6.20000      0.91250
     6.60000      0.12500
     7.00000      0.00000
     7.40000      0.00000
     7.80000      0.00000
     8.20000      0.00000
     8.60000      0.00000
     9.00000      0.00000
     9.40000      0.00000
     9.80000      0.00000
