    -9.80000      0.00000
    -9.40000      0.00000
    -9.00000      0.00000
    -8.60000      0.00000
    -8.20000      0.00000
    -7.80000      0.00000
    -7.40000      0.00000
    -7.00000      0.00000
    -6.60000      0.00000
    -6.20000      0.00000
    -5.80000      0.00000
    -5.40000      0.00000
    -5.00000      0.01250
    -4.60000      0.06250
    -4.20000      0.20000
    -3.80000      0.11250
    -3.40000      0.40000
    -3.00000      0.66250
    -2.60000      0.78750
    -2.20000      0.98750
    -1.80000      1.70000
    -1.40000      1.82500
    -1.00000      1.91250
    -0.60000      2.75000
    -0.20000      3.15000
     0.20000      3.32500
     0.60000      2.90000
     1.00000      2.57500
     1.40000      2.27500
     1.80000      1.87500
     2.20000      1.58750
     2.60000      1.50000
     3.00000      1.00000
     3.40000      0.73750
     3.80000      0.55000
     4.20000      0.37500
     4.60000      0.25000
     5.00000      0.05000
     5.40000      0.01250
     5.80000      0.00000
     6.20000      0.00000
     6.60000      0.00000
     7.00000      0.00000
     7.40000      0.00000
     7.80000      0.00000
     8.20000      0.00000
     8.60000      0.00000
     9.00000      0.00000
     9.40000      0.00000
     9.80000      0.00000
 after hadron evolution
    -9.80000      0.00000
    -9.40000      0.00000
    -9.00000      0.00000
    -8.60000      0.00000
    -8.20000      0.00000
    -7.80000      0.00000
    -7.40000      0.00000
    -7.00000      0.00000
    -6.60000      0.00000
    -6.20000      0.00000
    -5.80000      0.00000
    -5.40000      0.01250
    -5.00000      0.08750
    -4.60000      0.13750
    -4.20000      0.35000
    -3.80000      0.48750
    -3.40000      0.98750
    -3.00000      1.45000
    -2.60000      1.83750
    -2.20000      2.15000
    -1.80000      2.96250
    -1.40000      3.26250
    -1.00000      3.43750
    -0.60000      4.36250
    -0.20000      5.02500
     0.20000      4.81250
     0.60000      5.01250
     1.00000      4.51250
     1.40000      4.03750
     1.80000      3.50000
     2.20000      3.22500
     2.60000      2.97500
     3.00000      2.40000
     3.40000      1.90000
     3.80000      1.36250
     4.20000      1.03750
     4.60000      0.52500
     5.00000      0.12500
     5.40000      0.02500
     5.80000      0.00000
     6.20000      0.00000
     6.60000      0.00000
     7.00000      0.00000
     7.40000      0.00000
     7.80000      0.00000
     8.20000      0.00000
     8.60000      0.00000
     9.00000      0.00000
     9.40000      0.00000
     9.80000      0.00000
