    -9.80000      0.00000
    -9.40000      0.00000
    -9.00000      0.00000
    -8.60000      0.00000
    -8.20000      0.00000
    -7.80000      0.00000
    -7.40000      0.00000
    -7.00000      0.00000
    -6.60000      0.00000
    -6.20000      0.00000
    -5.80000      0.00000
    -5.40000      0.00000
    -5.00000      0.00000
    -4.60000      0.08750
    -4.20000      0.16250
    -3.80000      0.17500
    -3.40000      0.48750
    -3.00000      0.57500
    -2.60000      1.03750
    -2.20000      1.11250
    -1.80000      1.55000
    -1.40000      1.93750
    -1.00000      2.30000
    -0.60000      2.67500
    -0.20000      2.98750
     0.20000      3.32500
     0.60000      3.01250
     1.00000      2.68750
     1.40000      2.25000
     1.80000      2.26250
     2.20000      1.66250
     2.60000      1.33750
     3.00000      0.98750
     3.40000      0.91250
     3.80000      0.83750
     4.20000      0.42500
     4.60000      0.22500
     5.00000      0.10000
     5.40000      0.00000
     5.80000      0.00000
     6.20000      0.00000
     6.60000      0.00000
     7.00000      0.00000
     7.40000      0.00000
     7.80000      0.00000
     8.20000      0.00000
     8.60000      0.00000
     9.00000      0.00000
     9.40000      0.00000
     9.80000      0.00000
 after hadron evolution
    -9.80000      0.00000
    -9.40000      0.00000
    -9.00000      0.00000
    -8.60000      0.00000
    -8.20000      0.00000
    -7.80000      0.00000
    -7.40000      0.00000
    -7.00000      0.00000
    -6.60000      0.00000
    -6.20000      0.00000
    -5.80000      0.00000
    -5.40000      0.00000
    -5.00000      0.02500
    -4.60000      0.16250
    -4.20000      0.35000
    -3.80000      0.50000
    -3.40000      1.21250
    -3.00000      1.45000
    -2.60000      2.16250
    -2.20000      2.43750
    -1.80000      2.85000
    -1.40000      3.66250
    -1.00000      4.17500
    -0.60000      4.75000
    -0.20000      4.60000
     0.20000      5.30000
     0.60000      4.87500
     1.00000      4.72500
     1.40000      4.26250
     1.80000      3.91250
     2.20000      3.32500
     2.60000      2.86250
     3.00000      2.25000
     3.40000      2.15000
     3.80000      1.58750
     4.20000      0.83750
     4.60000      0.57500
     5.00000      0.23750
     5.40000      0.05000
     5.80000      0.01250
     6.20000      0.00000
     6.60000      0.00000
     7.00000      0.00000
     7.40000      0.00000
     7.80000      0.00000
     8.20000      0.00000
     8.60000      0.00000
     9.00000      0.00000
     9.40000      0.00000
     9.80000      0.00000
