    -9.80000      0.00000
    -9.40000      0.00000
    -9.00000      0.00000
    -8.60000      0.00000
    -8.20000      0.00000
    -7.80000      0.00000
    -7.40000      0.00000
    -7.00000      0.00000
    -6.60000      0.00000
    -6.20000      0.03750
    -5.80000      0.35000
    -5.40000      0.70000
    -5.00000      1.82500
    -4.60000      2.45000
    -4.20000      4.10000
    -3.80000      6.15000
    -3.40000      8.47500
    -3.00000     11.01250
    -2.60000     12.61250
    -2.20000     16.25000
    -1.80000     18.82500
    -1.40000     18.73750
    -1.00000     20.02500
    -0.60000     21.03750
    -0.20000     20.30000
     0.20000     20.35000
     0.60000     21.82500
     1.00000     23.13750
     1.40000     23.01250
     1.80000     21.26250
     2.20000     20.22500
     2.60000     16.71250
     3.00000     15.45000
     3.40000     12.35000
     3.80000      9.96250
     4.20000      7.31250
     4.60000      5.50000
     5.00000      3.32500
     5.40000      2.05000
     5.80000      0.96250
     6.20000      0.31250
     6.60000      0.10000
     7.00000      0.01250
     7.40000      0.00000
     7.80000      0.00000
     8.20000      0.00000
     8.60000      0.00000
     9.00000      0.00000
     9.40000      0.00000
     9.80000      0.00000
 after hadron evolution
    -9.80000      0.00000
    -9.40000      0.00000
    -9.00000      0.00000
    -8.60000      0.00000
    -8.20000      0.00000
    -7.80000      0.00000
    -7.40000      0.00000
    -7.00000      0.00000
    -6.60000      0.00000
    -6.20000      0.23750
    -5.80000      0.70000
    -5.40000      2.22500
    -5.00000      5.58750
    -4.60000      9.15000
    -4.20000     16.45000
    -3.80000     24.40000
    -3.40000     33.13750
    -3.00000     42.16250
    -2.60000     50.18750
    -2.20000     59.52500
    -1.80000     67.11250
    -1.40000     75.26250
    -1.00000     82.37499
    -0.60000     87.33749
    -0.20000     88.85000
     0.20000     89.45000
     0.60000     89.68749
     1.00000     87.86250
     1.40000     83.64999
     1.80000     77.17500
     2.20000     71.05000
     2.60000     63.34999
     3.00000     56.41250
     3.40000     48.05000
     3.80000     36.51250
     4.20000     27.08750
     4.60000     18.73750
     5.00000     10.61250
     5.40000      5.62500
     5.80000      2.40000
     6.20000      0.77500
     6.60000      0.18750
     7.00000      0.03750
     7.40000      0.00000
     7.80000      0.00000
     8.20000      0.00000
     8.60000      0.00000
     9.00000      0.00000
     9.40000      0.00000
     9.80000      0.00000
