    -9.80000      0.00000
    -9.40000      0.00000
    -9.00000      0.00000
    -8.60000      0.00000
    -8.20000      0.00000
    -7.80000      0.00000
    -7.40000      0.00000
    -7.00000      0.00000
    -6.60000      0.00000
    -6.20000      0.00000
    -5.80000      0.00000
    -5.40000      0.00000
    -5.00000      0.01250
    -4.60000      0.01250
    -4.20000      0.05000
    -3.80000      0.08750
    -3.40000      0.13750
    -3.00000      0.42500
    -2.60000      0.50000
    -2.20000      0.72500
    -1.80000      1.06250
    -1.40000      1.40000
    -1.00000      1.70000
    -0.60000      1.91250
    -0.20000      2.18750
     0.20000      2.26250
     0.60000      2.06250
     1.00000      1.97500
     1.40000      1.62500
     1.80000      1.52500
     2.20000      1.38750
     2.60000      0.95000
     3.00000      0.61250
     3.40000      0.46250
     3.80000      0.28750
     4.20000      0.12500
     4.60000      0.07500
     5.00000      0.05000
     5.40000      0.01250
     5.80000      0.00000
     6.20000      0.00000
     6.60000      0.00000
     7.00000      0.00000
     7.40000      0.00000
     7.80000      0.00000
     8.20000      0.00000
     8.60000      0.00000
     9.00000      0.00000
     9.40000      0.00000
     9.80000      0.00000
 after hadron evolution
    -9.80000      0.00000
    -9.40000      0.00000
    -9.00000      0.00000
    -8.60000      0.00000
    -8.20000      0.00000
    -7.80000      0.00000
    -7.40000      0.00000
    -7.00000      0.00000
    -6.60000      0.00000
    -6.20000      0.00000
    -5.80000      0.00000
    -5.40000      0.00000
    -5.00000      0.01250
    -4.60000      0.02500
    -4.20000      0.15000
    -3.80000      0.23750
    -3.40000      0.33750
    -3.00000      0.66250
    -2.60000      0.80000
    -2.20000      1.10000
    -1.80000      1.48750
    -1.40000      1.78750
    -1.00000      2.16250
    -0.60000      2.38750
    -0.20000      2.70000
     0.20000      2.53750
     0.60000      2.52500
     1.00000      2.63750
     1.40000      2.10000
     1.80000      2.13750
     2.20000      1.88750
     2.60000      1.30000
     3.00000      0.96250
     3.40000      0.85000
     3.80000      0.41250
     4.20000      0.30000
     4.60000      0.12500
     5.00000      0.05000
     5.40000      0.01250
     5.80000      0.00000
     6.20000      0.00000
     6.60000      0.00000
     7.00000      0.00000
     7.40000      0.00000
     7.80000      0.00000
     8.20000      0.00000
     8.60000      0.00000
     9.00000      0.00000
     9.40000      0.00000
     9.80000      0.00000
