    -9.80000      0.00000
    -9.40000      0.00000
    -9.00000      0.00000
    -8.60000      0.00000
    -8.20000      0.00000
    -7.80000      0.00000
    -7.40000      0.00000
    -7.00000      0.00000
    -6.60000      0.02500
    -6.20000      0.08750
    -5.80000      0.42500
    -5.40000      0.66250
    -5.00000      1.55000
    -4.60000      3.03750
    -4.20000      4.27500
    -3.80000      6.07500
    -3.40000      7.71250
    -3.00000     10.88750
    -2.60000     13.75000
    -2.20000     15.43750
    -1.80000     18.16250
    -1.40000     20.51250
    -1.00000     20.81250
    -0.60000     20.47500
    -0.20000     19.80000
     0.20000     22.07500
     0.60000     22.76250
     1.00000     22.68750
     1.40000     22.26250
     1.80000     22.58750
     2.20000     19.68750
     2.60000     18.25000
     3.00000     15.86250
     3.40000     12.37500
     3.80000      9.77500
     4.20000      8.05000
     4.60000      5.50000
     5.00000      3.40000
     5.40000      2.03750
     5.80000      1.08750
     6.20000      0.38750
     6.60000      0.10000
     7.00000      0.00000
     7.40000      0.00000
     7.80000      0.00000
     8.20000      0.00000
     8.60000      0.00000
     9.00000      0.00000
     9.40000      0.00000
     9.80000      0.00000
 after hadron evolution
    -9.80000      0.00000
    -9.40000      0.00000
    -9.00000      0.00000
    -8.60000      0.00000
    -8.20000      0.00000
    -7.80000      0.00000
    -7.40000      0.00000
    -7.00000      0.01250
    -6.60000      0.07500
    -6.20000      0.21250
    -5.80000      1.03750
    -5.40000      2.26250
    -5.00000      5.47500
    -4.60000     10.43750
    -4.20000     16.51250
    -3.80000     24.53750
    -3.40000     32.40000
    -3.00000     42.21250
    -2.60000     51.67500
    -2.20000     59.65000
    -1.80000     68.39999
    -1.40000     75.24999
    -1.00000     81.39999
    -0.60000     86.98750
    -0.20000     87.43749
     0.20000     93.08749
     0.60000     92.72499
     1.00000     87.35000
     1.40000     83.07500
     1.80000     77.85000
     2.20000     71.32500
     2.60000     64.77499
     3.00000     56.53750
     3.40000     47.45000
     3.80000     38.50000
     4.20000     28.92500
     4.60000     19.27500
     5.00000     11.12500
     5.40000      6.36250
     5.80000      2.51250
     6.20000      0.90000
     6.60000      0.12500
     7.00000      0.00000
     7.40000      0.00000
     7.80000      0.00000
     8.20000      0.00000
     8.60000      0.00000
     9.00000      0.00000
     9.40000      0.00000
     9.80000      0.00000
