    -9.80000      0.00000
    -9.40000      0.00000
    -9.00000      0.00000
    -8.60000      0.00000
    -8.20000      0.00000
    -7.80000      0.00000
    -7.40000      0.00000
    -7.00000      0.00000
    -6.60000      0.00000
    -6.20000      0.00000
    -5.80000      0.01250
    -5.40000      1.00000
    -5.00000      1.13750
    -4.60000      1.47500
    -4.20000      2.21250
    -3.80000      2.55000
    -3.40000      3.05000
    -3.00000      2.82500
    -2.60000      2.17500
    -2.20000      2.07500
    -1.80000      1.93750
    -1.40000      1.71250
    -1.00000      1.56250
    -0.60000      1.10000
    -0.20000      1.43750
     0.20000      0.97500
     0.60000      1.12500
     1.00000      1.68750
     1.40000      2.30000
     1.80000      2.32500
     2.20000      2.70000
     2.60000      3.45000
     3.00000      4.38750
     3.40000      4.48750
     3.80000      4.73750
     4.20000      4.37500
     4.60000      3.67500
     5.00000      2.81250
     5.40000      2.40000
     5.80000      0.15000
     6.20000      0.00000
     6.60000      0.00000
     7.00000      0.00000
     7.40000      0.00000
     7.80000      0.00000
     8.20000      0.00000
     8.60000      0.00000
     9.00000      0.00000
     9.40000      0.00000
     9.80000      0.00000
 after hadron evolution
    -9.80000      0.00000
    -9.40000      0.00000
    -9.00000      0.00000
    -8.60000      0.00000
    -8.20000      0.00000
    -7.80000      0.00000
    -7.40000      0.00000
    -7.00000      0.00000
    -6.60000      0.00000
    -6.20000      0.00000
    -5.80000      0.03750
    -5.40000      1.17500
    -5.00000      2.15000
    -4.60000      3.97500
    -4.20000      5.33750
    -3.80000      6.81250
    -3.40000      6.66250
    -3.00000      6.18750
    -2.60000      4.78750
    -2.20000      4.48750
    -1.80000      4.18750
    -1.40000      3.32500
    -1.00000      2.47500
    -0.60000      1.78750
    -0.20000      2.95000
     0.20000      2.05000
     0.60000      2.45000
     1.00000      3.02500
     1.40000      4.02500
     1.80000      4.65000
     2.20000      5.71250
     2.60000      6.92500
     3.00000      9.46250
     3.40000      9.91250
     3.80000     10.90000
     4.20000     10.72500
     4.60000      8.32500
     5.00000      5.42500
     5.40000      3.31250
     5.80000      0.22500
     6.20000      0.01250
     6.60000      0.00000
     7.00000      0.00000
     7.40000      0.00000
     7.80000      0.00000
     8.20000      0.00000
     8.60000      0.00000
     9.00000      0.00000
     9.40000      0.00000
     9.80000      0.00000
