    -9.80000      0.00000
    -9.40000      0.00000
    -9.00000      0.00000
    -8.60000      0.00000
    -8.20000      0.00000
    -7.80000      0.00000
    -7.40000      0.00000
    -7.00000      0.00000
    -6.60000      0.00000
    -6.20000      0.00000
    -5.80000      0.00000
    -5.40000      0.00000
    -5.00000      0.08750
    -4.60000      0.17500
    -4.20000      0.52500
    -3.80000      1.22500
    -3.40000      1.81250
    -3.00000      3.00000
    -2.60000      3.82500
    -2.20000      4.96250
    -1.80000      6.70000
    -1.40000      7.18750
    -1.00000      8.28750
    -0.60000      8.97500
    -0.20000      9.41250
     0.20000      9.07500
     0.60000      8.98750
     1.00000      9.03750
     1.40000      8.43750
     1.80000      7.95000
     2.20000      6.61250
     2.60000      5.67500
     3.00000      4.22500
     3.40000      3.37500
     3.80000      2.27500
     4.20000      1.28750
     4.60000      0.66250
     5.00000      0.27500
     5.40000      0.06250
     5.80000      0.02500
     6.20000      0.00000
     6.60000      0.00000
     7.00000      0.00000
     7.40000      0.00000
     7.80000      0.00000
     8.20000      0.00000
     8.60000      0.00000
     9.00000      0.00000
     9.40000      0.00000
     9.80000      0.00000
 after hadron evolution
    -9.80000      0.00000
    -9.40000      0.00000
    -9.00000      0.00000
    -8.60000      0.00000
    -8.20000      0.00000
    -7.80000      0.00000
    -7.40000      0.00000
    -7.00000      0.00000
    -6.60000      0.00000
    -6.20000      0.00000
    -5.80000      0.02500
    -5.40000      0.02500
    -5.00000      0.11250
    -4.60000      0.40000
    -4.20000      1.13750
    -3.80000      1.90000
    -3.40000      3.08750
    -3.00000      4.95000
    -2.60000      6.82500
    -2.20000      8.38750
    -1.80000     10.45000
    -1.40000     11.60000
    -1.00000     12.30000
    -0.60000     13.81250
    -0.20000     13.17500
     0.20000     13.87500
     0.60000     14.02500
     1.00000     13.32500
     1.40000     12.70000
     1.80000     11.06250
     2.20000     10.33750
     2.60000      8.97500
     3.00000      7.21250
     3.40000      5.03750
     3.80000      3.67500
     4.20000      2.18750
     4.60000      1.01250
     5.00000      0.48750
     5.40000      0.15000
     5.80000      0.03750
     6.20000      0.01250
     6.60000      0.00000
     7.00000      0.00000
     7.40000      0.00000
     7.80000      0.00000
     8.20000      0.00000
     8.60000      0.00000
     9.00000      0.00000
     9.40000      0.00000
     9.80000      0.00000
