    -9.80000      0.00000
    -9.40000      0.00000
    -9.00000      0.00000
    -8.60000      0.00000
    -8.20000      0.00000
    -7.80000      0.00000
    -7.40000      0.00000
    -7.00000      0.00000
    -6.60000      0.02500
    -6.20000      0.12500
    -5.80000      0.82500
    -5.40000      2.86250
    -5.00000      7.80000
    -4.60000     15.16250
    -4.20000     24.40000
    -3.80000     37.80000
    -3.40000     49.07500
    -3.00000     61.72499
    -2.60000     73.07500
    -2.20000     85.96249
    -1.80000     98.68749
    -1.40000    106.78749
    -1.00000    113.17500
    -0.60000    117.49999
    -0.20000    121.49999
     0.20000    124.44999
     0.60000    124.71249
     1.00000    124.55000
     1.40000    119.12499
     1.80000    115.52499
     2.20000    104.23750
     2.60000     93.42500
     3.00000     86.61250
     3.40000     73.62499
     3.80000     60.75000
     4.20000     47.96250
     4.60000     32.63750
     5.00000     18.23750
     5.40000      8.96250
     5.80000      2.56250
     6.20000      0.71250
     6.60000      0.20000
     7.00000      0.01250
     7.40000      0.00000
     7.80000      0.00000
     8.20000      0.00000
     8.60000      0.00000
     9.00000      0.00000
     9.40000      0.00000
     9.80000      0.00000
 after hadron evolution
    -9.80000      0.00000
    -9.40000      0.00000
    -9.00000      0.00000
    -8.60000      0.00000
    -8.20000      0.00000
    -7.80000      0.00000
    -7.40000      0.00000
    -7.00000      0.01250
    -6.60000      0.07500
    -6.20000      0.45000
    -5.80000      1.80000
    -5.40000      5.78750
    -5.00000     13.86250
    -4.60000     25.47500
    -4.20000     42.47500
    -3.80000     62.82500
    -3.40000     83.64999
    -3.00000    106.57500
    -2.60000    127.62499
    -2.20000    148.45000
    -1.80000    169.42499
    -1.40000    189.27499
    -1.00000    204.22499
    -0.60000    218.08749
    -0.20000    221.74998
     0.20000    229.17499
     0.60000    229.43748
     1.00000    220.58749
     1.40000    209.99998
     1.80000    195.57498
     2.20000    180.23749
     2.60000    163.26250
     3.00000    145.04999
     3.40000    123.81249
     3.80000    100.13750
     4.20000     75.38750
     4.60000     51.27500
     5.00000     29.23750
     5.40000     15.86250
     5.80000      5.23750
     6.20000      1.72500
     6.60000      0.31250
     7.00000      0.03750
     7.40000      0.00000
     7.80000      0.00000
     8.20000      0.00000
     8.60000      0.00000
     9.00000      0.00000
     9.40000      0.00000
     9.80000      0.00000
