0.349859
0.341826
0.320808
0.182491
0.251093
0.125
0.151958
0.43191
0.171312
0.295375
0.210521
0.684071
0.0889267
0.51173
0.459817
0.345207
0.246761
0.180481
0.109573
0.158307
0.190737
0.356414
0.351691
0.306684
0.450101
0.177175
0.139385
0.108018
0.103325
0.236579
0.208027
0.521983
0.390085
0.502875
0.334405
0.122124
0.0932481
0.102044
0.232756
0.245455
0.316679
0.501563
0.466458
0.104313
0.22869
0.207579
0.203529
0.383537
0.0837786
0.339798
0.338101
0.414226
0.344468
0.279848
0.087851
0.303077
0.40746
0.646893
0.179207
0.154254
0.223334
0.181351
0.48352
0.153166
0.506742
0.582817
0.179046
0.308472
0.128432
0.508883
0.147953
0.588556
0.257405
0.375367
0.32465
0.157686
0.170344
0.451339
0.645104
0.343464
0.35333
0.185526
0.624661
0.530415
0.163734
0.567271
0.261679
0.13995
0.177221
0.210577
0.0662534
0.396913
0.264652
0.353994
0.437312
0.363838
0.167652
0.128394
0.307305
0.444941
0.294678
0.122761
0.369801
0.112549
0.392672
0.182687
0.192213
0.20568
0.517209
0.236001
0.436085
0.186448
0.110898
0.192081
0.175004
0.413449
0.17168
0.294856
0.144882
0.500721
0.0287607
0.136418
0.274112
0.0165396
0.472559
0.369498
0.360987
0.461214
0.535647
0.0956932
0.440297
0.095671
0.402647
0.0924623
0.0815346
0.232813
0.205945
0.416069
0.0366896
0.285073
0.587207
0.381695
0.268586
0.215434
0.463122
0.211684
0.390561
0.391168
0.555397
0.111079
0.463095
0.212164
0.395662
0.127723
0.250268
0.0888796
0.175739
0.129455
0.364986
0.162966
0.244707
0.13006
0.362557
0.329298
0.421168
0.495182
0.238257
0.393493
0.59819
0.424832
0.232537
0.194141
0.0969161
0.385914
0.310267
0.149334
0.724294
0.137269
0.242478
0.107234
0.412959
0.0139051
0.111643
0.337028
0.0343397
0.35077
0.692657
0.280126
0.227165
0.311976
0.311475
0.414729
0.278512
0.463567
0.115826
0.316927
0.292168
0.239438
0.442501
0.0984268
