0.461492
0.115258
0.320655
0.0948811
0.303195
0.192391
0.179479
0.329286
0.121298
0.239222
0.129036
0.411406
0.028162
0.393705
0.108846
0.237903
0.184467
0.342078
0.0360375
0.0655053
0.290779
0.278527
0.159417
0.294329
0.256547
0.194955
0.0632788
0.017927
0.146192
0.174808
0.137103
0.356646
0.0327648
0.498247
0.0966664
0.154169
0.173955
0.114753
0.346592
0.204107
0.42951
0.239836
0.314616
0.043977
0.105299
0.137341
0.057979
0.474559
0.144677
0.248749
0.228521
0.418241
0.425643
0.117919
0.179708
0.148073
0.326688
0.268564
0.132555
0.209767
0.0583691
0.133381
0.442781
0.095183
0.441406
0.368326
0.217382
0.153221
0.0938093
0.42968
0.248152
0.610133
0.30385
0.342418
0.0687111
0.133797
0.131335
0.194136
0.5927
0.342304
0.323511
0.241139
0.505255
0.549723
0.156775
0.352281
0.190646
0.176446
0.197971
0.232046
0.0695921
0.315479
0.178048
0.390216
0.425677
0.256693
0.0662921
0.0682243
0.099671
0.399858
0.211513
0.11493
0.122321
0.333554
0.443659
0.182971
0.243001
0.134463
0.18299
0.045299
0.564087
0.333305
0.165536
0.145855
0.121601
0.13326
0.0534312
0.254884
0.148504
0.330062
0.149872
0.0932253
0.254421
0.0649739
0.445934
0.194903
0.523005
0.177366
0.220966
0.107193
0.515907
0.110173
0.31813
0.0770401
0.13073
0.238485
0.348591
0.396696
0.0975497
0.126378
0.516718
0.440553
0.353417
0.316304
0.231133
0.134211
0.228534
0.262785
0.328681
0.148068
0.583791
0.164658
0.390534
0.0110694
0.346078
0.410318
0.0969959
0.1427
0.396466
0.330525
0.224675
0.180128
0.108436
0.358149
0.445875
0.242737
0.218879
0.270201
0.456676
0.374394
0.180333
0.124925
0.237367
0.320445
0.203191
0.192505
0.520982
0.0959897
0.133818
0.254058
0.132704
0.168506
0.161371
0.186767
0.111366
0.461499
0.453054
0.157665
0.166321
0.216078
0.269761
0.163803
0.227933
0.329688
0.0515192
0.0669331
0.246167
0.366621
0.22376
0.165505
