0.321262
0.227961
0.141733
0.245284
0.1494
0.0982746
0.121464
0.287963
0.091459
0.204119
0.11938
0.434725
0.0534886
0.260158
0.175613
0.218996
0.165616
0.148966
0.0898882
0.0277758
0.17899
0.137726
0.285843
0.261622
0.268586
0.179487
0.121168
0.0835202
0.11615
0.159496
0.0716472
0.284568
0.252947
0.361874
0.245831
0.102409
0.0702804
0.151062
0.109804
0.112107
0.213451
0.336253
0.259388
0.0861717
0.057993
0.0864617
0.0954267
0.284137
0.096067
0.24453
0.113293
0.331124
0.188515
0.193344
0.121562
0.246771
0.320597
0.441057
0.151895
0.127071
0.157687
0.116814
0.335887
0.0822664
0.384579
0.408351
0.050436
0.161671
0.0775202
0.391781
0.0874365
0.449754
0.153199
0.304661
0.182377
0.228304
0.107242
0.159519
0.548963
0.310145
0.241575
0.196705
0.456513
0.521741
0.161248
0.368002
0.183431
0.146544
0.169894
0.156764
0.0192099
0.339483
0.128742
0.275468
0.275558
0.216558
0.124432
0.0865319
0.0703433
0.290453
0.175631
0.038018
0.192602
0.0924099
0.275348
0.164498
0.138748
0.019782
0.354587
0.0870359
0.289672
0.234071
0.110893
0.106786
0.170386
0.195252
0.234153
0.222721
0.258768
0.31573
0.0549306
0.0994536
0.129536
0.0882285
0.462531
0.220131
0.254159
0.209989
0.313895
0.0590418
0.360345
0.109846
0.253376
0.0429786
0.109591
0.165669
0.218841
0.296397
0.0398823
0.0834652
0.568164
0.289334
0.16618
0.125341
0.156836
0.12107
0.253136
0.200914
0.361059
0.132471
0.43729
0.211375
0.415063
0.0425543
0.2139
0.0422656
0.0844933
0.090754
0.235503
0.0840458
0.0323759
0.128032
0.198819
0.299655
0.369482
0.220965
0.10548
0.263516
0.434767
0.310763
0.228896
0.137329
0.213217
0.244689
0.241069
0.258962
0.604859
0.0486546
0.150508
0.237873
0.2577
0.149614
0.0193033
0.165631
0.0987457
0.236043
0.459717
0.161948
0.166949
0.105619
0.235833
0.168696
0.161299
0.234131
0.0762047
0.112697
0.0932949
0.0941439
0.234812
0.029097
