0.456039
0.0709315
0.359487
0.439346
0.623657
0.0783443
0.197689
0.433957
0.450445
0.694277
0.248699
0.606669
0.40009
0.446691
0.146994
0.139668
0.550334
0.262059
0.334704
0.153398
0.0801527
0.103083
0.405585
0.386902
0.263572
0.188425
0.445908
0.329173
0.6402
0.643107
0.476312
0.333078
0.594723
0.312342
0.5329
0.339724
0.382113
0.099292
0.324865
0.498542
0.0949185
0.328554
0.4188
0.0655217
0.474114
0.176664
0.399929
0.146458
0.022519
0.12032
0.221178
0.353055
0.339078
0.448635
0.168707
0.382392
0.416939
0.369969
0.145928
0.363907
0.185558
0.472268
0.151875
0.143244
0.163632
0.448102
0.381652
0.390732
0.0841116
0.25611
0.070284
0.0553166
0.138503
0.529899
0.487405
0.500607
0.427055
0.459813
0.468125
0.524333
0.0307187
0.159087
0.114398
0.303963
0.472028
0.27915
0.545149
0.382174
0.340923
0.125889
0.447745
0.246268
0.303509
0.380513
0.473319
0.207542
0.187405
0.280414
0.388871
0.343071
0.163947
0.192332
0.313073
0.419133
0.464502
0.0448115
0.42492
0.315296
0.148993
0.187505
0.556259
0.277018
0.454841
0.37845
0.204743
0.0551277
0.429392
0.118941
0.0937224
0.27086
0.210112
0.35769
0.0859886
0.434111
0.0117094
0.252595
0.176244
0.073968
0.150646
0.197084
0.332253
0.136646
0.172236
0.319996
0.297132
0.0561332
0.311827
0.316711
0.182994
0.309881
0.302588
0.463284
0.395917
0.0193226
0.454017
0.0410099
0.125017
0.364349
0.622251
0.514738
0.06334
0.446091
0.381263
0.299985
0.402602
0.332
0.354334
0.269324
0.293024
0.114854
0.297872
0.509108
0.330007
0.160369
0.369821
0.643324
0.260191
0.37224
0.177816
0.454456
0.135484
0.394145
0.631243
0.180889
0.393295
0.106006
0.107757
0.168385
0.377816
0.0212095
0.141246
0.0926133
0.423685
0.157246
0.504386
0.316929
0.128345
0.217907
0.0174096
0.556967
0.192146
0.036998
0.526298
0.181965
0.233322
0.163218
0.249151
0.0718941
0.204558
0.200394
