0.409391
0.116805
0.376634
0.177341
0.559317
0.102548
0.115588
0.483359
0.46423
0.371967
0.206203
0.116965
0.578661
0.325495
0.195371
0.128434
0.406112
0.197464
0.153189
0.11899
0.19916
0.529735
0.406617
0.370505
0.122661
0.194758
0.218235
0.128006
0.641364
0.532384
0.296611
0.398048
0.524692
0.386093
0.625394
0.198691
0.330373
0.210483
0.152729
0.385244
0.0699391
0.207264
0.45366
0.18825
0.221182
0.278671
0.260636
0.349667
0.0319987
0.0752165
0.393995
0.227306
0.142973
0.468692
0.0201291
0.231355
0.217484
0.262913
0.185155
0.397303
0.430589
0.375495
0.0764315
0.154999
0.161369
0.555904
0.0761327
0.340378
0.0720186
0.202035
0.0832529
0.253346
0.104884
0.200867
0.0652867
0.451882
0.178201
0.378355
0.180613
0.387633
0.163603
0.0382036
0.113545
0.15824
0.448727
0.166411
0.380996
0.354829
0.466569
0.260787
0.336735
0.110436
0.0837959
0.482
0.4749
0.353619
0.229856
0.21491
0.346302
0.151069
0.230771
0.283323
0.304689
0.399651
0.354746
0.19133
0.419248
0.0446977
0.134291
0.108642
0.436838
0.12541
0.323121
0.101746
0.124284
0.0683727
0.26278
0.158879
0.0554694
0.167622
0.078913
0.220328
0.0299515
0.413748
0.219563
0.203203
0.0864438
0.0687122
0.254413
0.319039
0.370811
0.0882154
0.191959
0.358876
0.10879
0.16535
0.163536
0.141266
0.0931773
0.14536
0.141687
0.575277
0.19622
0.189655
0.487327
0.130494
0.156074
0.358919
0.483484
0.251659
0.125614
0.280848
0.483548
0.114283
0.389359
0.109781
0.163631
0.137294
0.273642
0.0718089
0.191078
0.355287
0.106673
0.0842674
0.27076
0.344019
0.00350046
0.395517
0.126352
0.53541
0.108156
0.231078
0.639446
0.4489
0.413664
0.0600674
0.203786
0.14412
0.0752184
0.146756
0.204921
0.278212
0.286227
0.158964
0.621672
0.250695
0.0465388
0.240103
0.0854572
0.386998
0.261062
0.149249
0.537512
0.109225
0.0918832
0.104927
0.117057
0.0120496
0.070016
0.151361
