0.336163
0.0544433
0.214301
0.290595
0.457178
0.0876341
0.127982
0.412116
0.28816
0.392828
0.0983348
0.304862
0.310889
0.355282
0.143383
0.130736
0.481229
0.119646
0.0613566
0.189584
0.113015
0.137737
0.347363
0.393158
0.1433
0.137708
0.224611
0.196512
0.523149
0.467052
0.299809
0.264057
0.339854
0.262115
0.448939
0.213544
0.248208
0.0937866
0.180053
0.400377
0.0529857
0.167812
0.322206
0.0930006
0.305283
0.191121
0.155367
0.152149
0.0386528
0.134218
0.095035
0.147338
0.0936861
0.34115
0.0763859
0.248946
0.24463
0.223487
0.139549
0.294664
0.449876
0.355718
0.0417178
0.107125
0.117597
0.330938
0.0803597
0.232228
0.04117
0.18627
0.0597192
0.0907093
0.144375
0.187117
0.251558
0.380619
0.292848
0.390684
0.287699
0.331529
0.0348913
0.0272447
0.0652182
0.160099
0.372836
0.211616
0.36687
0.226078
0.293433
0.26144
0.273993
0.0147703
0.107551
0.346858
0.362036
0.155742
0.0847826
0.244691
0.29955
0.211654
0.131415
0.245342
0.145931
0.250007
0.265472
0.0962787
0.310796
0.185371
0.158334
0.105403
0.364754
0.160171
0.303629
0.190727
0.0940189
0.0410192
0.200434
0.136515
0.073905
0.279653
0.0502155
0.166211
0.0750337
0.258053
0.035622
0.0923865
0.0227194
0.0363913
0.203924
0.223572
0.327371
0.110539
0.136021
0.288716
0.174757
0.217931
0.17554
0.193447
0.13139
0.212856
0.215369
0.34992
0.0303173
0.0457604
0.346191
0.0627448
0.0752945
0.149524
0.439259
0.358929
0.0606453
0.309409
0.277935
0.203357
0.292023
0.153673
0.171084
0.0962896
0.202411
0.068852
0.162455
0.312765
0.260296
0.139065
0.231819
0.434792
0.122266
0.324527
0.0427431
0.356934
0.0883193
0.211425
0.499013
0.225201
0.284253
0.0918704
0.0596405
0.119356
0.161549
0.014013
0.119139
0.156049
0.303962
0.0725261
0.474928
0.136128
0.0793969
0.0492774
0.0404416
0.395845
0.0441978
0.115901
0.406131
0.0789653
0.109591
0.123083
0.179021
0.109457
0.148354
0.0829748
