0.0930002
0.134028
0.329741
0.215576
0.271659
0.0644656
0.350148
0.444143
0.598834
0.0720909
0.383944
0.412177
0.262141
0.317291
0.0813215
0.0968265
0.220954
0.264563
0.0876839
0.209084
0.342706
0.242813
0.584461
0.177734
0.0313053
0.404133
0.260108
0.0863022
0.181447
0.230127
0.289968
0.574397
0.1246
0.292906
0.0633571
0.261076
0.219481
0.0123683
0.224144
0.324647
0.607027
0.246687
0.531132
0.445805
0.369297
0.358867
0.0902868
0.134323
0.464894
0.137317
0.483712
0.227675
0.294725
0.30636
0.0563445
0.253606
0.158581
0.229776
0.209166
0.448534
0.620803
0.0477485
0.589201
0.440064
0.283532
0.320644
0.280178
0.245208
0.197202
0.286759
0.186607
0.391409
0.326374
0.0773825
0.273677
0.157387
0.521932
0.280574
0.563401
0.558125
0.183943
0.275976
0.339078
0.32612
0.390433
0.522068
0.208056
0.583644
0.158599
0.229281
0.26023
0.30059
0.41097
0.191529
0.437754
0.173015
0.498447
0.13966
0.116032
0.317564
0.0866153
0.379326
0.659669
0.321106
0.473666
0.0388056
0.443755
0.124862
0.269956
0.245078
0.263407
0.312579
0.361316
0.432002
0.351465
0.38169
0.236561
0.256209
0.323344
0.401992
0.0564489
0.250701
0.502
0.326055
0.333629
0.189515
0.176964
0.224026
0.395872
0.206912
0.273721
0.112979
0.072872
0.369867
0.558187
0.405178
0.530897
0.224315
0.115325
0.413469
0.0614794
0.289594
0.301052
0.521014
0.115111
0.263216
0.218079
0.439599
0.158242
0.441818
0.230287
0.184722
0.422255
0.151872
0.267619
0.0505906
0.156308
0.0553372
0.140597
0.239282
0.38399
0.413051
0.390212
0.415079
0.276585
0.160348
0.355269
0.234865
0.523331
0.146182
0.25438
0.129262
0.0907693
0.543034
0.27317
0.443478
0.216165
0.203174
0.345123
0.175652
0.480535
0.43019
0.195454
0.249119
0.415118
0.444592
0.26664
0.326672
0.325304
0.184954
0.157283
0.34738
0.185832
0.327325
0.228533
0.439166
0.0623302
0.446875
0.429654
0.471181
