0.172521
0.133248
0.11278
0.0362682
0.40684
0.125345
0.252965
0.457998
0.528038
0.104868
0.266705
0.511816
0.146621
0.411903
0.0705678
0.271506
0.321272
0.229287
0.241383
0.125245
0.276703
0.132265
0.572576
0.274171
0.0704678
0.201721
0.325709
0.206504
0.0829183
0.267036
0.254477
0.596712
0.313199
0.288299
0.0859242
0.256527
0.186357
0.123921
0.162211
0.393419
0.599659
0.101929
0.297192
0.520138
0.270187
0.0516968
0.0991566
0.14198
0.394988
0.264635
0.541254
0.135328
0.247999
0.349268
0.16356
0.171932
0.151516
0.0425099
0.314899
0.228593
0.397984
0.226839
0.31379
0.477293
0.179973
0.28379
0.33582
0.136336
0.0870952
0.0663179
0.318572
0.351407
0.224701
0.23878
0.201751
0.15397
0.255261
0.203025
0.352312
0.539528
0.388496
0.20254
0.0399128
0.454923
0.366632
0.381672
0.149352
0.40341
0.219278
0.215726
0.124479
0.0963773
0.287743
0.283414
0.411403
0.400721
0.397721
0.166824
0.114766
0.2424
0.0984865
0.242724
0.175771
0.147887
0.337633
0.0809164
0.696298
0.125977
0.0869661
0.0908744
0.218778
0.118427
0.221435
0.315373
0.108969
0.274759
0.12645
0.333874
0.191388
0.319494
0.0923718
0.248266
0.234861
0.39008
0.156302
0.0620976
0.165599
0.208604
0.233053
0.188059
0.237447
0.237359
0.138394
0.321953
0.148027
0.528251
0.483094
0.208508
0.126715
0.0944135
0.0217609
0.181398
0.305401
0.668225
0.0466177
0.214933
0.283726
0.521489
0.225615
0.422963
0.30817
0.125857
0.262737
0.012599
0.0634474
0.184625
0.194761
0.224326
0.273881
0.319462
0.17423
0.228638
0.42137
0.0635657
0.0666589
0.218723
0.180759
0.195849
0.50096
0.209259
0.220294
0.123696
0.288009
0.456456
0.132583
0.433847
0.184116
0.0575096
0.508908
0.349959
0.302217
0.365096
0.0857233
0.155027
0.489416
0.433508
0.236009
0.233338
0.103055
0.122686
0.218214
0.403345
0.0906969
0.324273
0.133496
0.36335
0.146753
0.576022
0.36371
0.310014
