0.105594
0.038349
0.168778
0.0466993
0.249272
0.0531292
0.262423
0.269805
0.545825
0.079115
0.242497
0.374495
0.124264
0.252082
0.0812298
0.196323
0.151748
0.19207
0.043937
0.14626
0.154903
0.134633
0.506368
0.22564
0.0141103
0.143694
0.256046
0.117338
0.0704726
0.202332
0.120594
0.490632
0.144585
0.127491
0.0525774
0.138089
0.167776
0.00568437
0.183442
0.234086
0.509256
0.137329
0.24942
0.386277
0.169582
0.0700995
0.0199063
0.088273
0.353802
0.142281
0.407723
0.174785
0.174499
0.257486
0.0163576
0.0853738
0.142918
0.0160527
0.0368656
0.318809
0.3591
0.163952
0.357784
0.389722
0.158637
0.17556
0.234604
0.0924146
0.0261431
0.212584
0.205559
0.271433
0.186969
0.152692
0.0316551
0.178404
0.375542
0.236066
0.34407
0.463326
0.34544
0.203223
0.113926
0.243981
0.321191
0.298025
0.129482
0.414385
0.166762
0.117618
0.203765
0.135186
0.268528
0.119673
0.261902
0.143809
0.362109
0.0628579
0.0964624
0.210254
0.0908017
0.22613
0.420426
0.190193
0.20449
0.0296158
0.367088
0.124204
0.0105085
0.140206
0.157498
0.143453
0.163201
0.309976
0.21409
0.263398
0.135158
0.233619
0.153056
0.265176
0.0289155
0.0254262
0.310179
0.309204
0.220669
0.126429
0.156003
0.15005
0.276248
0.213905
0.181249
0.106067
0.0874266
0.137078
0.366389
0.275898
0.347988
0.0999828
0.10869
0.187384
0.0990423
0.169948
0.115045
0.491912
0.0638306
0.211751
0.0376183
0.270835
0.240647
0.265769
0.201579
0.113451
0.323103
0.0601547
0.048809
0.0764159
0.0663303
0.0775479
0.129458
0.212032
0.227243
0.244701
0.264552
0.14792
0.140513
0.121731
0.271575
0.123235
0.29773
0.161285
0.153233
0.155256
0.0418533
0.401034
0.207684
0.343386
0.158697
0.120646
0.282262
0.031174
0.303968
0.335451
0.0934985
0.110752
0.299285
0.405531
0.246874
0.141309
0.145966
0.18352
0.15492
0.225512
0.122599
0.22223
0.109293
0.243123
0.0850967
0.39387
0.278004
0.321118
