    -9.80000      0.00000
    -9.40000      0.00000
    -9.00000      0.01250
    -8.60000      0.00000
    -8.20000      0.01250
    -7.80000      0.05000
    -7.40000      0.12500
    -7.00000      0.31250
    -6.60000      0.41250
    -6.20000      0.93750
    -5.80000      2.16250
    -5.40000      3.86250
    -5.00000      6.91250
    -4.60000     11.15000
    -4.20000     15.78750
    -3.80000     20.43750
    -3.40000     26.13750
    -3.00000     31.36250
    -2.60000     36.86250
    -2.20000     41.67500
    -1.80000     45.67500
    -1.40000     47.42500
    -1.00000     48.23750
    -0.60000     45.95000
    -0.20000     44.91250
     0.20000     45.76250
     0.60000     47.50000
     1.00000     51.85000
     1.40000     53.45000
     1.80000     53.85000
     2.20000     50.28750
     2.60000     45.45000
     3.00000     41.42500
     3.40000     36.93750
     3.80000     30.42500
     4.20000     25.63750
     4.60000     18.51250
     5.00000     13.27500
     5.40000      9.08750
     5.80000      4.36250
     6.20000      2.58750
     6.60000      1.17500
     7.00000      0.55000
     7.40000      0.38750
     7.80000      0.08750
     8.20000      0.10000
     8.60000      0.05000
     9.00000      0.00000
     9.40000      0.00000
     9.80000      0.00000
 after hadron evolution
    -9.80000      0.00000
    -9.40000      0.00000
    -9.00000      0.00000
    -8.60000      0.02500
    -8.20000      0.02500
    -7.80000      0.07500
    -7.40000      0.13750
    -7.00000      0.28750
    -6.60000      0.53750
    -6.20000      1.12500
    -5.80000      2.88750
    -5.40000      4.70000
    -5.00000      9.32500
    -4.60000     15.33750
    -4.20000     24.31250
    -3.80000     33.27500
    -3.40000     44.60000
    -3.00000     54.55000
    -2.60000     63.01250
    -2.20000     73.16250
    -1.80000     83.96249
    -1.40000     87.03750
    -1.00000     90.47499
    -0.60000     91.06249
    -0.20000     92.86250
     0.20000     93.18749
     0.60000     95.62499
     1.00000     97.91249
     1.40000     97.93749
     1.80000     93.95000
     2.20000     88.49999
     2.60000     78.80000
     3.00000     71.73750
     3.40000     62.20000
     3.80000     50.05000
     4.20000     39.21250
     4.60000     28.45000
     5.00000     17.72500
     5.40000     10.92500
     5.80000      4.86250
     6.20000      2.42500
     6.60000      1.25000
     7.00000      0.73750
     7.40000      0.21250
     7.80000      0.13750
     8.20000      0.06250
     8.60000      0.01250
     9.00000      0.02500
     9.40000      0.00000
     9.80000      0.00000
