    -9.80000      0.00000
    -9.40000      0.01250
    -9.00000      0.01250
    -8.60000      0.01250
    -8.20000      0.10000
    -7.80000      0.12500
    -7.40000      0.32500
    -7.00000      0.90000
    -6.60000      1.53750
    -6.20000      2.70000
    -5.80000      5.75000
    -5.40000     10.11250
    -5.00000     16.97500
    -4.60000     26.36250
    -4.20000     36.51250
    -3.80000     44.47500
    -3.40000     55.78750
    -3.00000     67.14999
    -2.60000     77.56249
    -2.20000     85.88750
    -1.80000     94.02499
    -1.40000     98.26250
    -1.00000     99.43749
    -0.60000     93.46249
    -0.20000     91.38750
     0.20000     91.81249
     0.60000     96.07500
     1.00000    103.06249
     1.40000    106.80000
     1.80000    109.11250
     2.20000    104.13750
     2.60000     95.86250
     3.00000     86.23750
     3.40000     79.62499
     3.80000     67.45000
     4.20000     57.06250
     4.60000     43.51250
     5.00000     31.87500
     5.40000     21.36250
     5.80000     11.93750
     6.20000      7.15000
     6.60000      3.91250
     7.00000      1.73750
     7.40000      1.08750
     7.80000      0.40000
     8.20000      0.20000
     8.60000      0.12500
     9.00000      0.02500
     9.40000      0.00000
     9.80000      0.01250
 after hadron evolution
    -9.80000      0.00000
    -9.40000      0.01250
    -9.00000      0.01250
    -8.60000      0.02500
    -8.20000      0.11250
    -7.80000      0.20000
    -7.40000      0.37500
    -7.00000      0.97500
    -6.60000      1.75000
    -6.20000      3.23750
    -5.80000      7.46250
    -5.40000     12.72500
    -5.00000     22.71250
    -4.60000     36.81250
    -4.20000     55.08750
    -3.80000     72.68749
    -3.40000     92.97499
    -3.00000    113.17500
    -2.60000    132.77499
    -2.20000    150.96249
    -1.80000    169.84999
    -1.40000    177.92499
    -1.00000    185.37498
    -0.60000    185.09999
    -0.20000    186.13748
     0.20000    186.82498
     0.60000    193.01248
     1.00000    196.36249
     1.40000    198.14999
     1.80000    189.33749
     2.20000    181.26248
     2.60000    163.41249
     3.00000    148.04999
     3.40000    132.22499
     3.80000    108.49999
     4.20000     87.78750
     4.60000     64.41250
     5.00000     42.47500
     5.40000     26.28750
     5.80000     14.16250
     6.20000      7.91250
     6.60000      4.32500
     7.00000      2.10000
     7.40000      0.88750
     7.80000      0.43750
     8.20000      0.22500
     8.60000      0.11250
     9.00000      0.05000
     9.40000      0.01250
     9.80000      0.01250
