 after hadron evolution
     0.02500     58.47996
     0.07500     45.52488
     0.12500     42.30447
     0.17500     33.34602
     0.22500     27.45280
     0.27500     21.11944
     0.32500     19.56698
     0.37500     16.52950
     0.42500     14.06522
     0.47500     11.59439
     0.52500      9.46039
     0.57500      8.01810
     0.62500      5.17555
     0.67500      4.91328
     0.72500      4.68028
     0.77500      4.17038
     0.82500      3.89922
     0.87500      3.06278
     0.92500      2.18432
     0.97500      1.79893
     1.02500      1.31747
     1.07500      1.71657
     1.12500      1.04858
     1.17500      1.25587
     1.22500      0.75783
     1.27500      0.79133
     1.32500      0.52351
     1.37500      0.45442
     1.42500      0.23396
     1.47500      0.35573
     1.52500      0.32114
     1.57500      0.19333
     1.62500      0.21143
     1.67500      0.16051
     1.72500      0.20319
     1.77500      0.08795
     1.82500      0.04307
     1.87500      0.14791
     1.92500      0.10384
     1.97500      0.12132
     2.02500      0.01969
     2.07500      0.07731
     2.12500      0.07650
     2.17500      0.03731
     2.22500      0.03670
     2.32500      0.01785
     2.37500      0.01740
