    -9.80000      0.00000
    -9.40000      0.00000
    -9.00000      0.00000
    -8.60000      0.00000
    -8.20000      0.00000
    -7.80000      0.00000
    -7.40000      0.00000
    -7.00000      0.00000
    -6.60000      0.00000
    -6.20000      0.00000
    -5.80000      0.00000
    -5.40000      0.00000
    -5.00000      0.11250
    -4.60000      0.22500
    -4.20000      0.61250
    -3.80000      1.02500
    -3.40000      1.01250
    -3.00000      1.03750
    -2.60000      0.73750
    -2.20000      1.26250
    -1.80000      1.10000
    -1.40000      1.16250
    -1.00000      1.52500
    -0.60000      1.53750
    -0.20000      1.78750
     0.20000      1.73750
     0.60000      1.70000
     1.00000      1.60000
     1.40000      1.67500
     1.80000      1.75000
     2.20000      1.37500
     2.60000      1.46250
     3.00000      1.68750
     3.40000      1.51250
     3.80000      1.63750
     4.20000      1.22500
     4.60000      0.71250
     5.00000      0.27500
     5.40000      0.11250
     5.80000      0.00000
     6.20000      0.00000
     6.60000      0.00000
     7.00000      0.00000
     7.40000      0.00000
     7.80000      0.00000
     8.20000      0.00000
     8.60000      0.00000
     9.00000      0.00000
     9.40000      0.00000
     9.80000      0.00000
 after hadron evolution
    -9.80000      0.00000
    -9.40000      0.00000
    -9.00000      0.00000
    -8.60000      0.00000
    -8.20000      0.00000
    -7.80000      0.00000
    -7.40000      0.00000
    -7.00000      0.00000
    -6.60000      0.00000
    -6.20000      0.00000
    -5.80000      0.00000
    -5.40000      0.01250
    -5.00000      0.17500
    -4.60000      0.57500
    -4.20000      1.06250
    -3.80000      1.56250
    -3.40000      1.63750
    -3.00000      1.71250
    -2.60000      1.33750
    -2.20000      1.85000
    -1.80000      1.77500
    -1.40000      1.85000
    -1.00000      2.32500
    -0.60000      2.23750
    -0.20000      2.38750
     0.20000      2.45000
     0.60000      2.28750
     1.00000      2.10000
     1.40000      2.33750
     1.80000      2.42500
     2.20000      1.93750
     2.60000      2.08750
     3.00000      2.38750
     3.40000      2.25000
     3.80000      2.47500
     4.20000      2.08750
     4.60000      1.33750
     5.00000      0.62500
     5.40000      0.13750
     5.80000      0.02500
     6.20000      0.00000
     6.60000      0.00000
     7.00000      0.00000
     7.40000      0.00000
     7.80000      0.00000
     8.20000      0.00000
     8.60000      0.00000
     9.00000      0.00000
     9.40000      0.00000
     9.80000      0.00000
