    -9.80000      0.00000
    -9.40000      0.00000
    -9.00000      0.00000
    -8.60000      0.00000
    -8.20000      0.00000
    -7.80000      0.00000
    -7.40000      0.00000
    -7.00000      0.00000
    -6.60000      0.00000
    -6.20000      0.00000
    -5.80000      0.00000
    -5.40000      0.00000
    -5.00000      0.00000
    -4.60000      0.07500
    -4.20000      0.27500
    -3.80000      0.50000
    -3.40000      0.47500
    -3.00000      0.90000
    -2.60000      1.38750
    -2.20000      2.27500
    -1.80000      2.53750
    -1.40000      3.16250
    -1.00000      3.25000
    -0.60000      4.01250
    -0.20000      4.43750
     0.20000      5.20000
     0.60000      4.21250
     1.00000      4.21250
     1.40000      3.46250
     1.80000      3.06250
     2.20000      2.67500
     2.60000      1.98750
     3.00000      1.70000
     3.40000      0.83750
     3.80000      0.68750
     4.20000      0.31250
     4.60000      0.18750
     5.00000      0.02500
     5.40000      0.00000
     5.80000      0.00000
     6.20000      0.00000
     6.60000      0.00000
     7.00000      0.00000
     7.40000      0.00000
     7.80000      0.00000
     8.20000      0.00000
     8.60000      0.00000
     9.00000      0.00000
     9.40000      0.00000
     9.80000      0.00000
 after hadron evolution
    -9.80000      0.00000
    -9.40000      0.00000
    -9.00000      0.00000
    -8.60000      0.00000
    -8.20000      0.00000
    -7.80000      0.00000
    -7.40000      0.00000
    -7.00000      0.00000
    -6.60000      0.00000
    -6.20000      0.00000
    -5.80000      0.00000
    -5.40000      0.00000
    -5.00000      0.00000
    -4.60000      0.00000
    -4.20000      0.00000
    -3.80000      0.00000
    -3.40000      0.00000
    -3.00000      0.00000
    -2.60000      0.00000
    -2.20000      0.00000
    -1.80000      0.00000
    -1.40000      0.00000
    -1.00000      0.00000
    -0.60000      0.00000
    -0.20000      0.00000
     0.20000      0.00000
     0.60000      0.00000
     1.00000      0.00000
     1.40000      0.00000
     1.80000      0.00000
     2.20000      0.00000
     2.60000      0.00000
     3.00000      0.00000
     3.40000      0.00000
     3.80000      0.00000
     4.20000      0.00000
     4.60000      0.00000
     5.00000      0.00000
     5.40000      0.00000
     5.80000      0.00000
     6.20000      0.00000
     6.60000      0.00000
     7.00000      0.00000
     7.40000      0.00000
     7.80000      0.00000
     8.20000      0.00000
     8.60000      0.00000
     9.00000      0.00000
     9.40000      0.00000
     9.80000      0.00000
