    -9.80000      0.00000
    -9.40000      0.00000
    -9.00000      0.00000
    -8.60000      0.00000
    -8.20000      0.00000
    -7.80000      0.00000
    -7.40000      0.00000
    -7.00000      0.00000
    -6.60000      0.08750
    -6.20000      0.36250
    -5.80000      1.00000
    -5.40000      2.97500
    -5.00000      7.86250
    -4.60000     18.30000
    -4.20000     32.56250
    -3.80000     49.10000
    -3.40000     68.62499
    -3.00000     93.34999
    -2.60000    115.66249
    -2.20000    140.20000
    -1.80000    160.41249
    -1.40000    178.78749
    -1.00000    191.83749
    -0.60000    201.32498
    -0.20000    213.91249
     0.20000    212.34999
     0.60000    210.37498
     1.00000    208.61249
     1.40000    199.67499
     1.80000    187.31248
     2.20000    166.16249
     2.60000    144.86249
     3.00000    124.55000
     3.40000    100.32500
     3.80000     78.11250
     4.20000     55.57500
     4.60000     34.40000
     5.00000     17.92500
     5.40000      8.38750
     5.80000      2.82500
     6.20000      0.81250
     6.60000      0.28750
     7.00000      0.05000
     7.40000      0.00000
     7.80000      0.00000
     8.20000      0.00000
     8.60000      0.00000
     9.00000      0.00000
     9.40000      0.00000
     9.80000      0.00000
 after hadron evolution
    -9.80000      0.00000
    -9.40000      0.00000
    -9.00000      0.00000
    -8.60000      0.00000
    -8.20000      0.00000
    -7.80000      0.00000
    -7.40000      0.00000
    -7.00000      0.01250
    -6.60000      0.18750
    -6.20000      0.87500
    -5.80000      3.12500
    -5.40000      7.97500
    -5.00000     17.22500
    -4.60000     36.47500
    -4.20000     59.86250
    -3.80000     87.02499
    -3.40000    120.66249
    -3.00000    154.68748
    -2.60000    190.39999
    -2.20000    221.82498
    -1.80000    254.27498
    -1.40000    283.94998
    -1.00000    309.22498
    -0.60000    326.84998
    -0.20000    340.39999
     0.20000    342.14999
     0.60000    339.69998
     1.00000    330.89999
     1.40000    316.48749
     1.80000    292.08749
     2.20000    264.64999
     2.60000    236.29999
     3.00000    209.31248
     3.40000    173.36249
     3.80000    136.16249
     4.20000     99.52499
     4.60000     66.51250
     5.00000     36.41250
     5.40000     18.12500
     5.80000      7.02500
     6.20000      2.18750
     6.60000      0.61250
     7.00000      0.07500
     7.40000      0.01250
     7.80000      0.00000
     8.20000      0.00000
     8.60000      0.00000
     9.00000      0.00000
     9.40000      0.00000
     9.80000      0.00000
