    -9.80000      0.00000
    -9.40000      0.00000
    -9.00000      0.00000
    -8.60000      0.00000
    -8.20000      0.00000
    -7.80000      0.00000
    -7.40000      0.00000
    -7.00000      0.00000
    -6.60000      0.00000
    -6.20000      0.00000
    -5.80000      0.00000
    -5.40000      0.00000
    -5.00000      0.02500
    -4.60000      0.01250
    -4.20000      0.13750
    -3.80000      0.27500
    -3.40000      0.36250
    -3.00000      0.47500
    -2.60000      0.88750
    -2.20000      1.10000
    -1.80000      1.38750
    -1.40000      2.03750
    -1.00000      2.13750
    -0.60000      2.63750
    -0.20000      2.97500
     0.20000      3.10000
     0.60000      3.11250
     1.00000      2.55000
     1.40000      2.22500
     1.80000      1.82500
     2.20000      1.37500
     2.60000      1.42500
     3.00000      1.20000
     3.40000      0.76250
     3.80000      0.65000
     4.20000      0.48750
     4.60000      0.20000
     5.00000      0.12500
     5.40000      0.01250
     5.80000      0.00000
     6.20000      0.00000
     6.60000      0.00000
     7.00000      0.00000
     7.40000      0.00000
     7.80000      0.00000
     8.20000      0.00000
     8.60000      0.00000
     9.00000      0.00000
     9.40000      0.00000
     9.80000      0.00000
 after hadron evolution
    -9.80000      0.00000
    -9.40000      0.00000
    -9.00000      0.00000
    -8.60000      0.00000
    -8.20000      0.00000
    -7.80000      0.00000
    -7.40000      0.00000
    -7.00000      0.00000
    -6.60000      0.00000
    -6.20000      0.00000
    -5.80000      0.00000
    -5.40000      0.00000
    -5.00000      0.07500
    -4.60000      0.06250
    -4.20000      0.28750
    -3.80000      0.58750
    -3.40000      0.80000
    -3.00000      1.28750
    -2.60000      1.92500
    -2.20000      2.30000
    -1.80000      2.96250
    -1.40000      3.65000
    -1.00000      3.73750
    -0.60000      4.38750
    -0.20000      4.61250
     0.20000      5.30000
     0.60000      5.00000
     1.00000      4.41250
     1.40000      4.06250
     1.80000      3.80000
     2.20000      2.91250
     2.60000      3.00000
     3.00000      2.60000
     3.40000      1.92500
     3.80000      1.62500
     4.20000      1.07500
     4.60000      0.50000
     5.00000      0.22500
     5.40000      0.02500
     5.80000      0.00000
     6.20000      0.00000
     6.60000      0.00000
     7.00000      0.00000
     7.40000      0.00000
     7.80000      0.00000
     8.20000      0.00000
     8.60000      0.00000
     9.00000      0.00000
     9.40000      0.00000
     9.80000      0.00000
