    -9.80000      0.00000
    -9.40000      0.00000
    -9.00000      0.00000
    -8.60000      0.00000
    -8.20000      0.00000
    -7.80000      0.00000
    -7.40000      0.00000
    -7.00000      0.00000
    -6.60000      0.00000
    -6.20000      0.00000
    -5.80000      0.11250
    -5.40000      1.77500
    -5.00000      4.20000
    -4.60000      9.11250
    -4.20000     13.60000
    -3.80000     15.57500
    -3.40000     15.66250
    -3.00000     14.58750
    -2.60000     11.92500
    -2.20000     10.05000
    -1.80000      8.35000
    -1.40000      6.10000
    -1.00000      5.41250
    -0.60000      5.07500
    -0.20000      4.18750
     0.20000      4.58750
     0.60000      4.15000
     1.00000      4.37500
     1.40000      6.58750
     1.80000      9.42500
     2.20000     13.85000
     2.60000     15.06250
     3.00000     19.97500
     3.40000     23.80000
     3.80000     27.27500
     4.20000     25.98750
     4.60000     20.47500
     5.00000     11.96250
     5.40000      6.03750
     5.80000      0.66250
     6.20000      0.01250
     6.60000      0.00000
     7.00000      0.00000
     7.40000      0.00000
     7.80000      0.00000
     8.20000      0.00000
     8.60000      0.00000
     9.00000      0.00000
     9.40000      0.00000
     9.80000      0.00000
 after hadron evolution
    -9.80000      0.00000
    -9.40000      0.00000
    -9.00000      0.00000
    -8.60000      0.00000
    -8.20000      0.00000
    -7.80000      0.00000
    -7.40000      0.00000
    -7.00000      0.00000
    -6.60000      0.00000
    -6.20000      0.00000
    -5.80000      0.15000
    -5.40000      1.88750
    -5.00000      4.12500
    -4.60000      9.13750
    -4.20000     13.51250
    -3.80000     15.72500
    -3.40000     15.60000
    -3.00000     14.28750
    -2.60000     12.23750
    -2.20000     10.18750
    -1.80000      8.60000
    -1.40000      5.91250
    -1.00000      5.86250
    -0.60000      4.63750
    -0.20000      3.92500
     0.20000      3.81250
     0.60000      4.36250
     1.00000      3.90000
     1.40000      6.96250
     1.80000      9.95000
     2.20000     13.43750
     2.60000     15.07500
     3.00000     20.46250
     3.40000     23.88750
     3.80000     26.96250
     4.20000     26.18750
     4.60000     20.21250
     5.00000     11.76250
     5.40000      6.30000
     5.80000      0.73750
     6.20000      0.01250
     6.60000      0.00000
     7.00000      0.00000
     7.40000      0.00000
     7.80000      0.00000
     8.20000      0.00000
     8.60000      0.00000
     9.00000      0.00000
     9.40000      0.00000
     9.80000      0.00000
