    -9.80000      0.00000
    -9.40000      0.00000
    -9.00000      0.00000
    -8.60000      0.00000
    -8.20000      0.00000
    -7.80000      0.00000
    -7.40000      0.00000
    -7.00000      0.00000
    -6.60000      0.00000
    -6.20000      0.00000
    -5.80000      0.01250
    -5.40000      0.01250
    -5.00000      0.21250
    -4.60000      0.32500
    -4.20000      0.70000
    -3.80000      1.43750
    -3.40000      1.93750
    -3.00000      2.92500
    -2.60000      4.36250
    -2.20000      5.46250
    -1.80000      6.42500
    -1.40000      7.96250
    -1.00000      9.03750
    -0.60000      9.08750
    -0.20000      9.17500
     0.20000      9.76250
     0.60000      9.41250
     1.00000      9.13750
     1.40000      8.82500
     1.80000      7.82500
     2.20000      6.42500
     2.60000      5.96250
     3.00000      4.30000
     3.40000      3.27500
     3.80000      2.26250
     4.20000      1.40000
     4.60000      0.96250
     5.00000      0.40000
     5.40000      0.13750
     5.80000      0.02500
     6.20000      0.00000
     6.60000      0.00000
     7.00000      0.00000
     7.40000      0.00000
     7.80000      0.00000
     8.20000      0.00000
     8.60000      0.00000
     9.00000      0.00000
     9.40000      0.00000
     9.80000      0.00000
 after hadron evolution
    -9.80000      0.00000
    -9.40000      0.00000
    -9.00000      0.00000
    -8.60000      0.00000
    -8.20000      0.00000
    -7.80000      0.00000
    -7.40000      0.00000
    -7.00000      0.00000
    -6.60000      0.00000
    -6.20000      0.00000
    -5.80000      0.06250
    -5.40000      0.05000
    -5.00000      0.25000
    -4.60000      0.62500
    -4.20000      1.57500
    -3.80000      2.91250
    -3.40000      3.57500
    -3.00000      5.28750
    -2.60000      7.17500
    -2.20000      8.91250
    -1.80000     10.15000
    -1.40000     11.48750
    -1.00000     12.37500
    -0.60000     14.20000
    -0.20000     14.33750
     0.20000     15.00000
     0.60000     14.26250
     1.00000     13.38750
     1.40000     13.43750
     1.80000     13.25000
     2.20000     10.26250
     2.60000      8.87500
     3.00000      7.43750
     3.40000      5.63750
     3.80000      3.93750
     4.20000      2.58750
     4.60000      1.40000
     5.00000      0.48750
     5.40000      0.23750
     5.80000      0.07500
     6.20000      0.01250
     6.60000      0.00000
     7.00000      0.00000
     7.40000      0.00000
     7.80000      0.00000
     8.20000      0.00000
     8.60000      0.00000
     9.00000      0.00000
     9.40000      0.00000
     9.80000      0.00000
