    -9.80000      0.00000
    -9.40000      0.00000
    -9.00000      0.00000
    -8.60000      0.00000
    -8.20000      0.00000
    -7.80000      0.00000
    -7.40000      0.00000
    -7.00000      0.00000
    -6.60000      0.00000
    -6.20000      0.00000
    -5.80000      0.01250
    -5.40000      0.83750
    -5.00000      0.85000
    -4.60000      1.46250
    -4.20000      2.00000
    -3.80000      2.40000
    -3.40000      2.58750
    -3.00000      2.87500
    -2.60000      2.41250
    -2.20000      2.28750
    -1.80000      2.26250
    -1.40000      1.53750
    -1.00000      1.91250
    -0.60000      1.55000
    -0.20000      1.40000
     0.20000      1.38750
     0.60000      1.18750
     1.00000      1.42500
     1.40000      2.13750
     1.80000      2.83750
     2.20000      3.76250
     2.60000      2.85000
     3.00000      4.05000
     3.40000      4.83750
     3.80000      5.05000
     4.20000      4.33750
     4.60000      4.16250
     5.00000      2.75000
     5.40000      2.62500
     5.80000      0.17500
     6.20000      0.01250
     6.60000      0.00000
     7.00000      0.00000
     7.40000      0.00000
     7.80000      0.00000
     8.20000      0.00000
     8.60000      0.00000
     9.00000      0.00000
     9.40000      0.00000
     9.80000      0.00000
 after hadron evolution
    -9.80000      0.00000
    -9.40000      0.00000
    -9.00000      0.00000
    -8.60000      0.00000
    -8.20000      0.00000
    -7.80000      0.00000
    -7.40000      0.00000
    -7.00000      0.00000
    -6.60000      0.00000
    -6.20000      0.00000
    -5.80000      0.05000
    -5.40000      0.98750
    -5.00000      1.80000
    -4.60000      3.70000
    -4.20000      5.96250
    -3.80000      6.81250
    -3.40000      6.46250
    -3.00000      5.70000
    -2.60000      4.98750
    -2.20000      4.65000
    -1.80000      3.98750
    -1.40000      2.82500
    -1.00000      2.90000
    -0.60000      2.63750
    -0.20000      2.85000
     0.20000      2.30000
     0.60000      2.45000
     1.00000      2.66250
     1.40000      3.86250
     1.80000      5.00000
     2.20000      6.31250
     2.60000      6.16250
     3.00000      8.60000
     3.40000     10.56250
     3.80000     10.95000
     4.20000     10.05000
     4.60000      8.48750
     5.00000      5.38750
     5.40000      3.36250
     5.80000      0.26250
     6.20000      0.01250
     6.60000      0.00000
     7.00000      0.00000
     7.40000      0.00000
     7.80000      0.00000
     8.20000      0.00000
     8.60000      0.00000
     9.00000      0.00000
     9.40000      0.00000
     9.80000      0.00000
