    -9.80000      0.00000
    -9.40000      0.00000
    -9.00000      0.00000
    -8.60000      0.00000
    -8.20000      0.00000
    -7.80000      0.00000
    -7.40000      0.00000
    -7.00000      0.00000
    -6.60000      0.00000
    -6.20000      0.00000
    -5.80000      0.00000
    -5.40000      0.00000
    -5.00000      0.00000
    -4.60000      0.01250
    -4.20000      0.02500
    -3.80000      0.07500
    -3.40000      0.18750
    -3.00000      0.38750
    -2.60000      0.55000
    -2.20000      0.63750
    -1.80000      0.96250
    -1.40000      1.11250
    -1.00000      1.63750
    -0.60000      2.23750
    -0.20000      1.96250
     0.20000      2.48750
     0.60000      2.11250
     1.00000      2.12500
     1.40000      1.46250
     1.80000      1.56250
     2.20000      1.22500
     2.60000      0.93750
     3.00000      0.66250
     3.40000      0.52500
     3.80000      0.31250
     4.20000      0.17500
     4.60000      0.08750
     5.00000      0.03750
     5.40000      0.00000
     5.80000      0.00000
     6.20000      0.00000
     6.60000      0.00000
     7.00000      0.00000
     7.40000      0.00000
     7.80000      0.00000
     8.20000      0.00000
     8.60000      0.00000
     9.00000      0.00000
     9.40000      0.00000
     9.80000      0.00000
 after hadron evolution
    -9.80000      0.00000
    -9.40000      0.00000
    -9.00000      0.00000
    -8.60000      0.00000
    -8.20000      0.00000
    -7.80000      0.00000
    -7.40000      0.00000
    -7.00000      0.00000
    -6.60000      0.00000
    -6.20000      0.00000
    -5.80000      0.00000
    -5.40000      0.00000
    -5.00000      0.00000
    -4.60000      0.01250
    -4.20000      0.08750
    -3.80000      0.15000
    -3.40000      0.33750
    -3.00000      0.63750
    -2.60000      0.77500
    -2.20000      1.16250
    -1.80000      1.41250
    -1.40000      1.58750
    -1.00000      2.13750
    -0.60000      2.81250
    -0.20000      2.56250
     0.20000      2.82500
     0.60000      2.55000
     1.00000      2.71250
     1.40000      2.20000
     1.80000      2.12500
     2.20000      1.85000
     2.60000      1.32500
     3.00000      1.03750
     3.40000      0.90000
     3.80000      0.55000
     4.20000      0.35000
     4.60000      0.18750
     5.00000      0.07500
     5.40000      0.02500
     5.80000      0.00000
     6.20000      0.00000
     6.60000      0.00000
     7.00000      0.00000
     7.40000      0.00000
     7.80000      0.00000
     8.20000      0.00000
     8.60000      0.00000
     9.00000      0.00000
     9.40000      0.00000
     9.80000      0.00000
