    -9.80000      0.00000
    -9.40000      0.00000
    -9.00000      0.00000
    -8.60000      0.00000
    -8.20000      0.00000
    -7.80000      0.00000
    -7.40000      0.00000
    -7.00000      0.00000
    -6.60000      0.00000
    -6.20000      0.00000
    -5.80000      0.00000
    -5.40000      0.01250
    -5.00000      0.00000
    -4.60000      0.07500
    -4.20000      0.12500
    -3.80000      0.25000
    -3.40000      0.51250
    -3.00000      0.30000
    -2.60000      0.87500
    -2.20000      1.08750
    -1.80000      1.17500
    -1.40000      1.78750
    -1.00000      1.93750
    -0.60000      2.47500
    -0.20000      3.56250
     0.20000      2.87500
     0.60000      3.00000
     1.00000      2.56250
     1.40000      2.80000
     1.80000      2.10000
     2.20000      1.50000
     2.60000      1.37500
     3.00000      1.16250
     3.40000      0.88750
     3.80000      0.56250
     4.20000      0.40000
     4.60000      0.21250
     5.00000      0.10000
     5.40000      0.01250
     5.80000      0.00000
     6.20000      0.00000
     6.60000      0.00000
     7.00000      0.00000
     7.40000      0.00000
     7.80000      0.00000
     8.20000      0.00000
     8.60000      0.00000
     9.00000      0.00000
     9.40000      0.00000
     9.80000      0.00000
 after hadron evolution
    -9.80000      0.00000
    -9.40000      0.00000
    -9.00000      0.00000
    -8.60000      0.00000
    -8.20000      0.00000
    -7.80000      0.00000
    -7.40000      0.00000
    -7.00000      0.00000
    -6.60000      0.00000
    -6.20000      0.00000
    -5.80000      0.00000
    -5.40000      0.01250
    -5.00000      0.01250
    -4.60000      0.13750
    -4.20000      0.35000
    -3.80000      0.65000
    -3.40000      1.16250
    -3.00000      1.01250
    -2.60000      1.90000
    -2.20000      2.37500
    -1.80000      2.73750
    -1.40000      3.45000
    -1.00000      3.52500
    -0.60000      4.22500
    -0.20000      5.07500
     0.20000      4.81250
     0.60000      4.77500
     1.00000      4.72500
     1.40000      4.71250
     1.80000      3.82500
     2.20000      3.02500
     2.60000      3.13750
     3.00000      2.42500
     3.40000      2.11250
     3.80000      1.33750
     4.20000      0.96250
     4.60000      0.43750
     5.00000      0.22500
     5.40000      0.01250
     5.80000      0.00000
     6.20000      0.00000
     6.60000      0.00000
     7.00000      0.00000
     7.40000      0.00000
     7.80000      0.00000
     8.20000      0.00000
     8.60000      0.00000
     9.00000      0.00000
     9.40000      0.00000
     9.80000      0.00000
