    -9.80000      0.00000
    -9.40000      0.00000
    -9.00000      0.00000
    -8.60000      0.00000
    -8.20000      0.00000
    -7.80000      0.00000
    -7.40000      0.00000
    -7.00000      0.00000
    -6.60000      0.06250
    -6.20000      0.21250
    -5.80000      0.67500
    -5.40000      2.85000
    -5.00000      7.16250
    -4.60000     15.62500
    -4.20000     26.70000
    -3.80000     37.00000
    -3.40000     48.22500
    -3.00000     61.23750
    -2.60000     71.74999
    -2.20000     84.02499
    -1.80000     96.08749
    -1.40000    105.02499
    -1.00000    112.83749
    -0.60000    117.21249
    -0.20000    122.18749
     0.20000    122.76249
     0.60000    121.93749
     1.00000    121.80000
     1.40000    117.66249
     1.80000    113.92500
     2.20000    103.81249
     2.60000     92.95000
     3.00000     82.70000
     3.40000     73.51250
     3.80000     60.77500
     4.20000     47.76250
     4.60000     31.88750
     5.00000     17.56250
     5.40000      8.56250
     5.80000      2.15000
     6.20000      0.58750
     6.60000      0.18750
     7.00000      0.03750
     7.40000      0.00000
     7.80000      0.00000
     8.20000      0.00000
     8.60000      0.00000
     9.00000      0.00000
     9.40000      0.00000
     9.80000      0.00000
 after hadron evolution
    -9.80000      0.00000
    -9.40000      0.00000
    -9.00000      0.00000
    -8.60000      0.00000
    -8.20000      0.00000
    -7.80000      0.00000
    -7.40000      0.00000
    -7.00000      0.00000
    -6.60000      0.10000
    -6.20000      0.56250
    -5.80000      1.96250
    -5.40000      5.87500
    -5.00000     12.96250
    -4.60000     26.32500
    -4.20000     44.12500
    -3.80000     62.43750
    -3.40000     83.48750
    -3.00000    105.41249
    -2.60000    124.34999
    -2.20000    147.29999
    -1.80000    168.46249
    -1.40000    185.23749
    -1.00000    201.96249
    -0.60000    214.49998
    -0.20000    223.39999
     0.20000    226.13748
     0.60000    224.19998
     1.00000    217.58749
     1.40000    208.64999
     1.80000    193.76248
     2.20000    177.16249
     2.60000    158.47499
     3.00000    143.73749
     3.40000    123.07499
     3.80000     99.67500
     4.20000     75.22500
     4.60000     50.45000
     5.00000     28.82500
     5.40000     14.83750
     5.80000      4.71250
     6.20000      1.35000
     6.60000      0.42500
     7.00000      0.05000
     7.40000      0.00000
     7.80000      0.00000
     8.20000      0.00000
     8.60000      0.00000
     9.00000      0.00000
     9.40000      0.00000
     9.80000      0.00000
