    -9.80000      0.00000
    -9.40000      0.00000
    -9.00000      0.00000
    -8.60000      0.00000
    -8.20000      0.00000
    -7.80000      0.00000
    -7.40000      0.00000
    -7.00000      0.00000
    -6.60000      0.03750
    -6.20000      0.11250
    -5.80000      0.33750
    -5.40000      0.95000
    -5.00000      2.71250
    -4.60000      6.58750
    -4.20000     10.95000
    -3.80000     16.06250
    -3.40000     21.55000
    -3.00000     28.53750
    -2.60000     34.16250
    -2.20000     39.92500
    -1.80000     45.62500
    -1.40000     51.71250
    -1.00000     54.37500
    -0.60000     57.48750
    -0.20000     59.28749
     0.20000     60.52500
     0.60000     60.52500
     1.00000     60.28749
     1.40000     58.28749
     1.80000     55.08750
     2.20000     49.90000
     2.60000     44.40000
     3.00000     38.65000
     3.40000     32.75000
     3.80000     26.92500
     4.20000     20.93750
     4.60000     13.13750
     5.00000      6.91250
     5.40000      2.88750
     5.80000      1.05000
     6.20000      0.35000
     6.60000      0.11250
     7.00000      0.02500
     7.40000      0.00000
     7.80000      0.00000
     8.20000      0.00000
     8.60000      0.00000
     9.00000      0.00000
     9.40000      0.00000
     9.80000      0.00000
 after hadron evolution
    -9.80000      0.00000
    -9.40000      0.00000
    -9.00000      0.00000
    -8.60000      0.00000
    -8.20000      0.00000
    -7.80000      0.00000
    -7.40000      0.00000
    -7.00000      0.00000
    -6.60000      0.03750
    -6.20000      0.27500
    -5.80000      0.91250
    -5.40000      2.28750
    -5.00000      5.70000
    -4.60000     11.13750
    -4.20000     19.16250
    -3.80000     27.31250
    -3.40000     38.33750
    -3.00000     50.66250
    -2.60000     58.91249
    -2.20000     70.72500
    -1.80000     82.05000
    -1.40000     91.27499
    -1.00000     98.46249
    -0.60000    105.03749
    -0.20000    110.48750
     0.20000    112.02499
     0.60000    110.89999
     1.00000    107.70000
     1.40000    102.47499
     1.80000     94.62499
     2.20000     86.63750
     2.60000     76.18749
     3.00000     67.60000
     3.40000     56.43750
     3.80000     44.92500
     4.20000     32.92500
     4.60000     21.77500
     5.00000     12.50000
     5.40000      5.92500
     5.80000      2.30000
     6.20000      0.72500
     6.60000      0.25000
     7.00000      0.02500
     7.40000      0.00000
     7.80000      0.00000
     8.20000      0.00000
     8.60000      0.00000
     9.00000      0.00000
     9.40000      0.00000
     9.80000      0.00000
