    -9.80000      0.00000
    -9.40000      0.00000
    -9.00000      0.00000
    -8.60000      0.00000
    -8.20000      0.00000
    -7.80000      0.00000
    -7.40000      0.00000
    -7.00000      0.00000
    -6.60000      0.00000
    -6.20000      0.00000
    -5.80000      0.00000
    -5.40000      0.03750
    -5.00000      0.03750
    -4.60000      0.37500
    -4.20000      0.67500
    -3.80000      1.13750
    -3.40000      1.88750
    -3.00000      3.00000
    -2.60000      3.92500
    -2.20000      5.03750
    -1.80000      6.23750
    -1.40000      7.41250
    -1.00000      7.36250
    -0.60000      9.01250
    -0.20000      8.62500
     0.20000      9.07500
     0.60000      9.03750
     1.00000      8.91250
     1.40000      8.22500
     1.80000      7.55000
     2.20000      6.50000
     2.60000      5.57500
     3.00000      4.37500
     3.40000      3.20000
     3.80000      2.06250
     4.20000      1.41250
     4.60000      0.77500
     5.00000      0.27500
     5.40000      0.10000
     5.80000      0.02500
     6.20000      0.00000
     6.60000      0.00000
     7.00000      0.00000
     7.40000      0.00000
     7.80000      0.00000
     8.20000      0.00000
     8.60000      0.00000
     9.00000      0.00000
     9.40000      0.00000
     9.80000      0.00000
 after hadron evolution
    -9.80000      0.00000
    -9.40000      0.00000
    -9.00000      0.00000
    -8.60000      0.00000
    -8.20000      0.00000
    -7.80000      0.00000
    -7.40000      0.00000
    -7.00000      0.00000
    -6.60000      0.00000
    -6.20000      0.01250
    -5.80000      0.00000
    -5.40000      0.08750
    -5.00000      0.13750
    -4.60000      0.55000
    -4.20000      1.22500
    -3.80000      1.80000
    -3.40000      3.43750
    -3.00000      5.06250
    -2.60000      6.41250
    -2.20000      8.38750
    -1.80000      9.81250
    -1.40000     11.51250
    -1.00000     12.27500
    -0.60000     13.11250
    -0.20000     13.07500
     0.20000     14.03750
     0.60000     13.92500
     1.00000     13.30000
     1.40000     12.78750
     1.80000     11.53750
     2.20000     10.52500
     2.60000      8.61250
     3.00000      6.86250
     3.40000      4.80000
     3.80000      3.45000
     4.20000      2.16250
     4.60000      1.13750
     5.00000      0.38750
     5.40000      0.12500
     5.80000      0.01250
     6.20000      0.00000
     6.60000      0.00000
     7.00000      0.00000
     7.40000      0.00000
     7.80000      0.00000
     8.20000      0.00000
     8.60000      0.00000
     9.00000      0.00000
     9.40000      0.00000
     9.80000      0.00000
