    -9.80000      0.00000
    -9.40000      0.00000
    -9.00000      0.00000
    -8.60000      0.00000
    -8.20000      0.00000
    -7.80000      0.00000
    -7.40000      0.00000
    -7.00000      0.00000
    -6.60000      0.02500
    -6.20000      0.13750
    -5.80000      0.25000
    -5.40000      0.68750
    -5.00000      1.40000
    -4.60000      2.62500
    -4.20000      3.85000
    -3.80000      5.75000
    -3.40000      8.13750
    -3.00000     10.25000
    -2.60000     13.76250
    -2.20000     15.41250
    -1.80000     17.38750
    -1.40000     20.17500
    -1.00000     21.02500
    -0.60000     20.80000
    -0.20000     20.70000
     0.20000     21.10000
     0.60000     22.80000
     1.00000     22.72500
     1.40000     22.47500
     1.80000     21.80000
     2.20000     19.10000
     2.60000     16.47500
     3.00000     14.58750
     3.40000     11.65000
     3.80000      9.47500
     4.20000      7.02500
     4.60000      5.21250
     5.00000      3.17500
     5.40000      1.75000
     5.80000      0.55000
     6.20000      0.22500
     6.60000      0.10000
     7.00000      0.01250
     7.40000      0.00000
     7.80000      0.00000
     8.20000      0.00000
     8.60000      0.00000
     9.00000      0.00000
     9.40000      0.00000
     9.80000      0.00000
 after hadron evolution
    -9.80000      0.00000
    -9.40000      0.00000
    -9.00000      0.00000
    -8.60000      0.00000
    -8.20000      0.00000
    -7.80000      0.00000
    -7.40000      0.00000
    -7.00000      0.01250
    -6.60000      0.08750
    -6.20000      0.31250
    -5.80000      1.20000
    -5.40000      3.02500
    -5.00000      6.10000
    -4.60000     13.25000
    -4.20000     20.85000
    -3.80000     29.31250
    -3.40000     40.71250
    -3.00000     50.08750
    -2.60000     64.48750
    -2.20000     70.73750
    -1.80000     80.42500
    -1.40000     89.93749
    -1.00000     98.45000
    -0.60000    102.93749
    -0.20000    106.39999
     0.20000    106.55000
     0.60000    106.26250
     1.00000    103.23750
     1.40000     99.12499
     1.80000     93.46249
     2.20000     84.81249
     2.60000     76.78750
     3.00000     69.30000
     3.40000     57.70000
     3.80000     46.33750
     4.20000     34.37500
     4.60000     24.35000
     5.00000     12.97500
     5.40000      6.50000
     5.80000      2.50000
     6.20000      0.85000
     6.60000      0.18750
     7.00000      0.02500
     7.40000      0.01250
     7.80000      0.00000
     8.20000      0.00000
     8.60000      0.00000
     9.00000      0.00000
     9.40000      0.00000
     9.80000      0.00000
