    -9.80000      0.00000
    -9.40000      0.00000
    -9.00000      0.00000
    -8.60000      0.02500
    -8.20000      0.02500
    -7.80000      0.08750
    -7.40000      0.18750
    -7.00000      0.20000
    -6.60000      0.53750
    -6.20000      0.96250
    -5.80000      2.01250
    -5.40000      3.97500
    -5.00000      6.96250
    -4.60000     10.50000
    -4.20000     15.65000
    -3.80000     20.25000
    -3.40000     25.66250
    -3.00000     30.72500
    -2.60000     36.36250
    -2.20000     42.32500
    -1.80000     45.83750
    -1.40000     47.62500
    -1.00000     47.32500
    -0.60000     44.66250
    -0.20000     44.10000
     0.20000     45.00000
     0.60000     47.35000
     1.00000     49.36250
     1.40000     51.21250
     1.80000     52.58750
     2.20000     50.68750
     2.60000     46.46250
     3.00000     41.40000
     3.40000     36.98750
     3.80000     31.56250
     4.20000     25.70000
     4.60000     18.07500
     5.00000     13.58750
     5.40000      8.43750
     5.80000      4.85000
     6.20000      2.73750
     6.60000      1.17500
     7.00000      0.65000
     7.40000      0.23750
     7.80000      0.15000
     8.20000      0.07500
     8.60000      0.03750
     9.00000      0.00000
     9.40000      0.02500
     9.80000      0.00000
 after hadron evolution
    -9.80000      0.00000
    -9.40000      0.00000
    -9.00000      0.00000
    -8.60000      0.01250
    -8.20000      0.01250
    -7.80000      0.06250
    -7.40000      0.16250
    -7.00000      0.20000
    -6.60000      0.57500
    -6.20000      1.03750
    -5.80000      2.20000
    -5.40000      5.03750
    -5.00000      9.66250
    -4.60000     15.70000
    -4.20000     22.96250
    -3.80000     33.08750
    -3.40000     43.96250
    -3.00000     53.95000
    -2.60000     63.48750
    -2.20000     73.53750
    -1.80000     80.28750
    -1.40000     86.71249
    -1.00000     90.18749
    -0.60000     89.71249
    -0.20000     91.32500
     0.20000     92.34999
     0.60000     96.18749
     1.00000     96.68749
     1.40000     97.07500
     1.80000     91.92500
     2.20000     86.98750
     2.60000     79.91250
     3.00000     73.01250
     3.40000     62.46250
     3.80000     49.96250
     4.20000     39.78750
     4.60000     27.52500
     5.00000     18.05000
     5.40000     10.53750
     5.80000      5.66250
     6.20000      2.78750
     6.60000      1.28750
     7.00000      0.52500
     7.40000      0.30000
     7.80000      0.12500
     8.20000      0.05000
     8.60000      0.02500
     9.00000      0.01250
     9.40000      0.01250
     9.80000      0.01250
