    -9.80000      0.00000
    -9.40000      0.01250
    -9.00000      0.00000
    -8.60000      0.02500
    -8.20000      0.08750
    -7.80000      0.18750
    -7.40000      0.38750
    -7.00000      0.75000
    -6.60000      1.83750
    -6.20000      2.96250
    -5.80000      5.53750
    -5.40000     10.17500
    -5.00000     16.75000
    -4.60000     25.01250
    -4.20000     35.20000
    -3.80000     44.46250
    -3.40000     54.67500
    -3.00000     65.80000
    -2.60000     76.64999
    -2.20000     87.72500
    -1.80000     93.45000
    -1.40000     96.22499
    -1.00000     96.45000
    -0.60000     91.89999
    -0.20000     89.12499
     0.20000     89.77499
     0.60000     95.26250
     1.00000    101.20000
     1.40000    105.89999
     1.80000    108.47499
     2.20000    103.32500
     2.60000     96.48750
     3.00000     87.28750
     3.40000     78.88750
     3.80000     68.70000
     4.20000     57.72499
     4.60000     42.90000
     5.00000     31.38750
     5.40000     21.77500
     5.80000     12.85000
     6.20000      7.31250
     6.60000      3.80000
     7.00000      1.66250
     7.40000      0.76250
     7.80000      0.48750
     8.20000      0.21250
     8.60000      0.07500
     9.00000      0.03750
     9.40000      0.06250
     9.80000      0.01250
 after hadron evolution
    -9.80000      0.00000
    -9.40000      0.02500
    -9.00000      0.00000
    -8.60000      0.01250
    -8.20000      0.08750
    -7.80000      0.22500
    -7.40000      0.32500
    -7.00000      0.90000
    -6.60000      1.95000
    -6.20000      3.10000
    -5.80000      6.32500
    -5.40000     12.95000
    -5.00000     22.55000
    -4.60000     35.83750
    -4.20000     52.03750
    -3.80000     72.35000
    -3.40000     92.49999
    -3.00000    112.68749
    -2.60000    133.51250
    -2.20000    151.76250
    -1.80000    164.70000
    -1.40000    176.62498
    -1.00000    182.12498
    -0.60000    181.23749
    -0.20000    184.31248
     0.20000    185.44998
     0.60000    192.37498
     1.00000    194.96249
     1.40000    195.27499
     1.80000    188.71249
     2.20000    178.48749
     2.60000    165.51250
     3.00000    149.41249
     3.40000    131.96249
     3.80000    108.06249
     4.20000     88.38750
     4.60000     63.46250
     5.00000     43.10000
     5.40000     27.26250
     5.80000     15.27500
     6.20000      8.30000
     6.60000      4.35000
     7.00000      1.77500
     7.40000      0.87500
     7.80000      0.53750
     8.20000      0.25000
     8.60000      0.05000
     9.00000      0.05000
     9.40000      0.03750
     9.80000      0.01250
