 after hadron evolution
     0.02500     52.77053
     0.07500     46.19480
     0.12500     40.14224
     0.17500     32.46935
     0.22500     29.84153
     0.27500     22.20139
     0.32500     17.92083
     0.37500     15.14608
     0.42500     13.04547
     0.47500     10.35414
     0.52500      9.12003
     0.57500      7.43237
     0.62500      5.93833
     0.67500      5.59895
     0.72500      4.29596
     0.77500      3.23115
     0.82500      2.72967
     0.87500      2.66964
     0.92500      2.78196
     0.97500      2.31515
     1.02500      1.54710
     1.07500      1.39991
     1.12500      1.26626
     1.17500      0.80702
     1.22500      1.01618
     1.27500      0.61986
     1.32500      0.74033
     1.37500      0.50857
     1.42500      0.31198
     1.47500      0.25380
     1.52500      0.37200
     1.57500      0.45964
     1.62500      0.04740
     1.67500      0.16095
     1.72500      0.18010
     1.77500      0.08776
     1.82500      0.04320
     1.87500      0.21155
     1.92500      0.04162
     2.02500      0.05924
     2.07500      0.03880
     2.12500      0.07627
     2.17500      0.01877
     2.22500      0.03666
     2.27500      0.05420
     2.32500      0.05337
     2.37500      0.01737
     2.47500      0.03366
