    -9.80000      0.00000
    -9.40000      0.00000
    -9.00000      0.00000
    -8.60000      0.00000
    -8.20000      0.00000
    -7.80000      0.00000
    -7.40000      0.00000
    -7.00000      0.01250
    -6.60000      0.07500
    -6.20000      0.26250
    -5.80000      0.63750
    -5.40000      3.22500
    -5.00000      7.26250
    -4.60000     15.18750
    -4.20000     25.01250
    -3.80000     36.51250
    -3.40000     48.81250
    -3.00000     58.96250
    -2.60000     70.56249
    -2.20000     84.17500
    -1.80000     94.99999
    -1.40000    103.67500
    -1.00000    110.67500
    -0.60000    116.02499
    -0.20000    119.31249
     0.20000    120.31249
     0.60000    120.34999
     1.00000    120.53749
     1.40000    117.76249
     1.80000    109.41249
     2.20000    104.23750
     2.60000     94.67500
     3.00000     84.14999
     3.40000     74.20000
     3.80000     60.52500
     4.20000     48.50000
     4.60000     31.97500
     5.00000     18.42500
     5.40000      8.20000
     5.80000      2.12500
     6.20000      0.78750
     6.60000      0.15000
     7.00000      0.03750
     7.40000      0.00000
     7.80000      0.00000
     8.20000      0.00000
     8.60000      0.00000
     9.00000      0.00000
     9.40000      0.00000
     9.80000      0.00000
 after hadron evolution
    -9.80000      0.00000
    -9.40000      0.00000
    -9.00000      0.00000
    -8.60000      0.00000
    -8.20000      0.00000
    -7.80000      0.00000
    -7.40000      0.00000
    -7.00000      0.01250
    -6.60000      0.10000
    -6.20000      0.61250
    -5.80000      1.55000
    -5.40000      5.85000
    -5.00000     12.98750
    -4.60000     25.56250
    -4.20000     41.38750
    -3.80000     62.70000
    -3.40000     82.22500
    -3.00000    102.27499
    -2.60000    126.08749
    -2.20000    149.43748
    -1.80000    163.72499
    -1.40000    180.78749
    -1.00000    201.06248
    -0.60000    210.16249
    -0.20000    221.61249
     0.20000    224.24998
     0.60000    223.83749
     1.00000    215.08749
     1.40000    207.07498
     1.80000    190.07498
     2.20000    176.88750
     2.60000    162.72499
     3.00000    142.45000
     3.40000    122.80000
     3.80000     99.20000
     4.20000     76.45000
     4.60000     51.18750
     5.00000     30.23750
     5.40000     14.97500
     5.80000      4.61250
     6.20000      1.73750
     6.60000      0.30000
     7.00000      0.05000
     7.40000      0.00000
     7.80000      0.00000
     8.20000      0.00000
     8.60000      0.00000
     9.00000      0.00000
     9.40000      0.00000
     9.80000      0.00000
