    -9.80000      0.00000
    -9.40000      0.00000
    -9.00000      0.00000
    -8.60000      0.00000
    -8.20000      0.00000
    -7.80000      0.00000
    -7.40000      0.00000
    -7.00000      0.00000
    -6.60000      0.00000
    -6.20000      0.00000
    -5.80000      0.00000
    -5.40000      0.00000
    -5.00000      0.02500
    -4.60000      0.03750
    -4.20000      0.18750
    -3.80000      0.16250
    -3.40000      0.45000
    -3.00000      0.62500
    -2.60000      0.80000
    -2.20000      0.93750
    -1.80000      1.41250
    -1.40000      1.46250
    -1.00000      2.18750
    -0.60000      2.70000
    -0.20000      2.97500
     0.20000      3.03750
     0.60000      2.83750
     1.00000      2.53750
     1.40000      2.47500
     1.80000      1.71250
     2.20000      1.95000
     2.60000      1.32500
     3.00000      1.25000
     3.40000      0.67500
     3.80000      0.43750
     4.20000      0.43750
     4.60000      0.28750
     5.00000      0.10000
     5.40000      0.01250
     5.80000      0.00000
     6.20000      0.00000
     6.60000      0.00000
     7.00000      0.00000
     7.40000      0.00000
     7.80000      0.00000
     8.20000      0.00000
     8.60000      0.00000
     9.00000      0.00000
     9.40000      0.00000
     9.80000      0.00000
 after hadron evolution
    -9.80000      0.00000
    -9.40000      0.00000
    -9.00000      0.00000
    -8.60000      0.00000
    -8.20000      0.00000
    -7.80000      0.00000
    -7.40000      0.00000
    -7.00000      0.00000
    -6.60000      0.00000
    -6.20000      0.00000
    -5.80000      0.00000
    -5.40000      0.00000
    -5.00000      0.02500
    -4.60000      0.11250
    -4.20000      0.40000
    -3.80000      0.61250
    -3.40000      0.88750
    -3.00000      1.48750
    -2.60000      2.11250
    -2.20000      2.31250
    -1.80000      2.52500
    -1.40000      2.85000
    -1.00000      3.96250
    -0.60000      4.48750
    -0.20000      4.92500
     0.20000      5.16250
     0.60000      4.96250
     1.00000      4.28750
     1.40000      4.06250
     1.80000      3.72500
     2.20000      3.48750
     2.60000      3.05000
     3.00000      2.55000
     3.40000      2.00000
     3.80000      1.48750
     4.20000      1.06250
     4.60000      0.63750
     5.00000      0.21250
     5.40000      0.03750
     5.80000      0.00000
     6.20000      0.00000
     6.60000      0.00000
     7.00000      0.00000
     7.40000      0.00000
     7.80000      0.00000
     8.20000      0.00000
     8.60000      0.00000
     9.00000      0.00000
     9.40000      0.00000
     9.80000      0.00000
