    -9.80000      0.00000
    -9.40000      0.00000
    -9.00000      0.00000
    -8.60000      0.00000
    -8.20000      0.00000
    -7.80000      0.00000
    -7.40000      0.00000
    -7.00000      0.00000
    -6.60000      0.00000
    -6.20000      0.00000
    -5.80000      0.00000
    -5.40000      0.00000
    -5.00000      0.06250
    -4.60000      0.27500
    -4.20000      0.62500
    -3.80000      1.15000
    -3.40000      1.82500
    -3.00000      2.36250
    -2.60000      3.48750
    -2.20000      5.36250
    -1.80000      6.48750
    -1.40000      7.01250
    -1.00000      7.48750
    -0.60000      8.82500
    -0.20000      8.66250
     0.20000      8.58750
     0.60000      9.78750
     1.00000      8.21250
     1.40000      8.10000
     1.80000      7.28750
     2.20000      6.45000
     2.60000      5.48750
     3.00000      4.65000
     3.40000      3.37500
     3.80000      2.01250
     4.20000      1.26250
     4.60000      0.70000
     5.00000      0.32500
     5.40000      0.08750
     5.80000      0.00000
     6.20000      0.00000
     6.60000      0.00000
     7.00000      0.00000
     7.40000      0.00000
     7.80000      0.00000
     8.20000      0.00000
     8.60000      0.00000
     9.00000      0.00000
     9.40000      0.00000
     9.80000      0.00000
 after hadron evolution
    -9.80000      0.00000
    -9.40000      0.00000
    -9.00000      0.00000
    -8.60000      0.00000
    -8.20000      0.00000
    -7.80000      0.00000
    -7.40000      0.00000
    -7.00000      0.00000
    -6.60000      0.00000
    -6.20000      0.00000
    -5.80000      0.00000
    -5.40000      0.01250
    -5.00000      0.15000
    -4.60000      0.48750
    -4.20000      1.01250
    -3.80000      2.15000
    -3.40000      3.38750
    -3.00000      4.47500
    -2.60000      6.90000
    -2.20000      8.22500
    -1.80000      9.30000
    -1.40000     10.87500
    -1.00000     12.45000
    -0.60000     12.81250
    -0.20000     12.62500
     0.20000     13.06250
     0.60000     14.11250
     1.00000     12.62500
     1.40000     12.00000
     1.80000     11.00000
     2.20000     10.01250
     2.60000      9.12500
     3.00000      7.15000
     3.40000      5.46250
     3.80000      3.07500
     4.20000      2.07500
     4.60000      1.05000
     5.00000      0.40000
     5.40000      0.11250
     5.80000      0.01250
     6.20000      0.00000
     6.60000      0.00000
     7.00000      0.00000
     7.40000      0.00000
     7.80000      0.00000
     8.20000      0.00000
     8.60000      0.00000
     9.00000      0.00000
     9.40000      0.00000
     9.80000      0.00000
