    -9.80000      0.00000
    -9.40000      0.00000
    -9.00000      0.00000
    -8.60000      0.00000
    -8.20000      0.00000
    -7.80000      0.00000
    -7.40000      0.00000
    -7.00000      0.00000
    -6.60000      0.00000
    -6.20000      0.00000
    -5.80000      0.08750
    -5.40000      0.95000
    -5.00000      0.91250
    -4.60000      1.68750
    -4.20000      1.93750
    -3.80000      2.40000
    -3.40000      2.65000
    -3.00000      2.42500
    -2.60000      2.50000
    -2.20000      2.36250
    -1.80000      1.83750
    -1.40000      2.16250
    -1.00000      1.28750
    -0.60000      1.26250
    -0.20000      1.72500
     0.20000      1.40000
     0.60000      1.57500
     1.00000      1.51250
     1.40000      1.86250
     1.80000      2.45000
     2.20000      2.92500
     2.60000      3.97500
     3.00000      4.03750
     3.40000      5.05000
     3.80000      5.01250
     4.20000      4.77500
     4.60000      4.00000
     5.00000      2.83750
     5.40000      2.20000
     5.80000      0.15000
     6.20000      0.00000
     6.60000      0.00000
     7.00000      0.00000
     7.40000      0.00000
     7.80000      0.00000
     8.20000      0.00000
     8.60000      0.00000
     9.00000      0.00000
     9.40000      0.00000
     9.80000      0.00000
 after hadron evolution
    -9.80000      0.00000
    -9.40000      0.00000
    -9.00000      0.00000
    -8.60000      0.00000
    -8.20000      0.00000
    -7.80000      0.00000
    -7.40000      0.00000
    -7.00000      0.00000
    -6.60000      0.00000
    -6.20000      0.00000
    -5.80000      0.10000
    -5.40000      1.13750
    -5.00000      1.78750
    -4.60000      3.82500
    -4.20000      5.51250
    -3.80000      6.47500
    -3.40000      6.70000
    -3.00000      5.86250
    -2.60000      4.65000
    -2.20000      4.58750
    -1.80000      4.23750
    -1.40000      3.77500
    -1.00000      2.76250
    -0.60000      2.56250
    -0.20000      2.58750
     0.20000      1.95000
     0.60000      2.25000
     1.00000      3.42500
     1.40000      3.50000
     1.80000      4.26250
     2.20000      5.06250
     2.60000      7.13750
     3.00000      8.36250
     3.40000      9.87500
     3.80000     11.15000
     4.20000     10.97500
     4.60000      8.26250
     5.00000      5.67500
     5.40000      2.91250
     5.80000      0.23750
     6.20000      0.00000
     6.60000      0.00000
     7.00000      0.00000
     7.40000      0.00000
     7.80000      0.00000
     8.20000      0.00000
     8.60000      0.00000
     9.00000      0.00000
     9.40000      0.00000
     9.80000      0.00000
