    -9.80000      0.00000
    -9.40000      0.00000
    -9.00000      0.00000
    -8.60000      0.00000
    -8.20000      0.00000
    -7.80000      0.00000
    -7.40000      0.00000
    -7.00000      0.00000
    -6.60000      0.01250
    -6.20000      0.13750
    -5.80000      0.12500
    -5.40000      0.48750
    -5.00000      1.08750
    -4.60000      2.50000
    -4.20000      3.40000
    -3.80000      5.20000
    -3.40000      7.47500
    -3.00000     10.43750
    -2.60000     11.92500
    -2.20000     15.66250
    -1.80000     18.21250
    -1.40000     18.68750
    -1.00000     20.98750
    -0.60000     20.60000
    -0.20000     20.88750
     0.20000     20.40000
     0.60000     22.88750
     1.00000     21.90000
     1.40000     22.72500
     1.80000     20.82500
     2.20000     19.63750
     2.60000     16.41250
     3.00000     14.31250
     3.40000     12.48750
     3.80000      8.43750
     4.20000      6.90000
     4.60000      4.73750
     5.00000      3.12500
     5.40000      1.70000
     5.80000      0.70000
     6.20000      0.28750
     6.60000      0.05000
     7.00000      0.00000
     7.40000      0.00000
     7.80000      0.00000
     8.20000      0.00000
     8.60000      0.00000
     9.00000      0.00000
     9.40000      0.00000
     9.80000      0.00000
 after hadron evolution
    -9.80000      0.00000
    -9.40000      0.00000
    -9.00000      0.00000
    -8.60000      0.00000
    -8.20000      0.00000
    -7.80000      0.00000
    -7.40000      0.00000
    -7.00000      0.00000
    -6.60000      0.06250
    -6.20000      0.38750
    -5.80000      1.00000
    -5.40000      2.80000
    -5.00000      6.40000
    -4.60000     12.50000
    -4.20000     20.37500
    -3.80000     28.97500
    -3.40000     40.56250
    -3.00000     53.15000
    -2.60000     60.71250
    -2.20000     71.18749
    -1.80000     79.81249
    -1.40000     90.62499
    -1.00000     95.91249
    -0.60000    100.32500
    -0.20000    103.88750
     0.20000    105.36250
     0.60000    107.09999
     1.00000    101.48750
     1.40000     97.81249
     1.80000     91.58749
     2.20000     83.41250
     2.60000     75.68749
     3.00000     68.06249
     3.40000     59.13750
     3.80000     45.56250
     4.20000     34.65000
     4.60000     22.78750
     5.00000     14.10000
     5.40000      6.23750
     5.80000      2.67500
     6.20000      0.83750
     6.60000      0.20000
     7.00000      0.01250
     7.40000      0.00000
     7.80000      0.00000
     8.20000      0.00000
     8.60000      0.00000
     9.00000      0.00000
     9.40000      0.00000
     9.80000      0.00000
