    -9.80000      0.00000
    -9.40000      0.00000
    -9.00000      0.00000
    -8.60000      0.00000
    -8.20000      0.00000
    -7.80000      0.00000
    -7.40000      0.00000
    -7.00000      0.00000
    -6.60000      0.00000
    -6.20000      0.00000
    -5.80000      0.00000
    -5.40000      0.00000
    -5.00000      0.00000
    -4.60000      0.05000
    -4.20000      0.17500
    -3.80000      0.46250
    -3.40000      0.71250
    -3.00000      0.78750
    -2.60000      1.65000
    -2.20000      2.08750
    -1.80000      2.32500
    -1.40000      2.82500
    -1.00000      3.55000
    -0.60000      4.16250
    -0.20000      4.43750
     0.20000      4.73750
     0.60000      4.07500
     1.00000      4.05000
     1.40000      3.37500
     1.80000      3.03750
     2.20000      2.66250
     2.60000      2.07500
     3.00000      1.63750
     3.40000      0.87500
     3.80000      0.67500
     4.20000      0.33750
     4.60000      0.11250
     5.00000      0.03750
     5.40000      0.00000
     5.80000      0.00000
     6.20000      0.00000
     6.60000      0.00000
     7.00000      0.00000
     7.40000      0.00000
     7.80000      0.00000
     8.20000      0.00000
     8.60000      0.00000
     9.00000      0.00000
     9.40000      0.00000
     9.80000      0.00000
 after hadron evolution
    -9.80000      0.00000
    -9.40000      0.00000
    -9.00000      0.00000
    -8.60000      0.00000
    -8.20000      0.00000
    -7.80000      0.00000
    -7.40000      0.00000
    -7.00000      0.00000
    -6.60000      0.00000
    -6.20000      0.00000
    -5.80000      0.00000
    -5.40000      0.00000
    -5.00000      0.00000
    -4.60000      0.00000
    -4.20000      0.00000
    -3.80000      0.00000
    -3.40000      0.00000
    -3.00000      0.00000
    -2.60000      0.00000
    -2.20000      0.00000
    -1.80000      0.00000
    -1.40000      0.00000
    -1.00000      0.00000
    -0.60000      0.00000
    -0.20000      0.00000
     0.20000      0.00000
     0.60000      0.00000
     1.00000      0.00000
     1.40000      0.00000
     1.80000      0.00000
     2.20000      0.00000
     2.60000      0.00000
     3.00000      0.00000
     3.40000      0.00000
     3.80000      0.00000
     4.20000      0.00000
     4.60000      0.00000
     5.00000      0.00000
     5.40000      0.00000
     5.80000      0.00000
     6.20000      0.00000
     6.60000      0.00000
     7.00000      0.00000
     7.40000      0.00000
     7.80000      0.00000
     8.20000      0.00000
     8.60000      0.00000
     9.00000      0.00000
     9.40000      0.00000
     9.80000      0.00000
