    -9.80000      0.00000
    -9.40000      0.00000
    -9.00000      0.00000
    -8.60000      0.00000
    -8.20000      0.00000
    -7.80000      0.00000
    -7.40000      0.00000
    -7.00000      0.00000
    -6.60000      0.00000
    -6.20000      0.00000
    -5.80000      0.15000
    -5.40000      2.02500
    -5.00000      4.00000
    -4.60000      8.92500
    -4.20000     13.11250
    -3.80000     15.27500
    -3.40000     16.10000
    -3.00000     13.71250
    -2.60000     11.62500
    -2.20000      9.61250
    -1.80000      7.92500
    -1.40000      6.90000
    -1.00000      5.45000
    -0.60000      4.72500
    -0.20000      5.30000
     0.20000      2.48750
     0.60000      4.42500
     1.00000      5.33750
     1.40000      7.73750
     1.80000      9.51250
     2.20000     11.77500
     2.60000     16.87500
     3.00000     19.88750
     3.40000     24.17500
     3.80000     27.01250
     4.20000     26.67500
     4.60000     20.30000
     5.00000     12.68750
     5.40000      5.97500
     5.80000      0.42500
     6.20000      0.02500
     6.60000      0.00000
     7.00000      0.00000
     7.40000      0.00000
     7.80000      0.00000
     8.20000      0.00000
     8.60000      0.00000
     9.00000      0.00000
     9.40000      0.00000
     9.80000      0.00000
 after hadron evolution
    -9.80000      0.00000
    -9.40000      0.00000
    -9.00000      0.00000
    -8.60000      0.00000
    -8.20000      0.00000
    -7.80000      0.00000
    -7.40000      0.00000
    -7.00000      0.00000
    -6.60000      0.00000
    -6.20000      0.00000
    -5.80000      0.15000
    -5.40000      2.16250
    -5.00000      3.91250
    -4.60000      8.88750
    -4.20000     12.82500
    -3.80000     15.92500
    -3.40000     15.80000
    -3.00000     13.90000
    -2.60000     11.11250
    -2.20000     10.01250
    -1.80000      7.76250
    -1.40000      7.20000
    -1.00000      5.63750
    -0.60000      4.28750
    -0.20000      5.33750
     0.20000      2.17500
     0.60000      3.83750
     1.00000      5.72500
     1.40000      7.85000
     1.80000      8.92500
     2.20000     12.51250
     2.60000     16.85000
     3.00000     20.37500
     3.40000     23.87500
     3.80000     27.13750
     4.20000     26.53750
     4.60000     19.97500
     5.00000     12.52500
     5.40000      6.16250
     5.80000      0.50000
     6.20000      0.02500
     6.60000      0.00000
     7.00000      0.00000
     7.40000      0.00000
     7.80000      0.00000
     8.20000      0.00000
     8.60000      0.00000
     9.00000      0.00000
     9.40000      0.00000
     9.80000      0.00000
