    -9.80000      0.00000
    -9.40000      0.00000
    -9.00000      0.00000
    -8.60000      0.00000
    -8.20000      0.00000
    -7.80000      0.00000
    -7.40000      0.00000
    -7.00000      0.00000
    -6.60000      0.00000
    -6.20000      0.00000
    -5.80000      0.00000
    -5.40000      0.00000
    -5.00000      0.00000
    -4.60000      0.00000
    -4.20000      0.02500
    -3.80000      0.13750
    -3.40000      0.15000
    -3.00000      0.23750
    -2.60000      0.62500
    -2.20000      0.75000
    -1.80000      1.15000
    -1.40000      1.25000
    -1.00000      1.56250
    -0.60000      1.87500
    -0.20000      2.16250
     0.20000      2.08750
     0.60000      2.51250
     1.00000      2.10000
     1.40000      1.27500
     1.80000      1.45000
     2.20000      1.10000
     2.60000      0.92500
     3.00000      0.63750
     3.40000      0.37500
     3.80000      0.41250
     4.20000      0.21250
     4.60000      0.13750
     5.00000      0.03750
     5.40000      0.00000
     5.80000      0.00000
     6.20000      0.00000
     6.60000      0.00000
     7.00000      0.00000
     7.40000      0.00000
     7.80000      0.00000
     8.20000      0.00000
     8.60000      0.00000
     9.00000      0.00000
     9.40000      0.00000
     9.80000      0.00000
 after hadron evolution
    -9.80000      0.00000
    -9.40000      0.00000
    -9.00000      0.00000
    -8.60000      0.00000
    -8.20000      0.00000
    -7.80000      0.00000
    -7.40000      0.00000
    -7.00000      0.00000
    -6.60000      0.00000
    -6.20000      0.00000
    -5.80000      0.00000
    -5.40000      0.00000
    -5.00000      0.00000
    -4.60000      0.05000
    -4.20000      0.05000
    -3.80000      0.27500
    -3.40000      0.37500
    -3.00000      0.53750
    -2.60000      0.95000
    -2.20000      1.12500
    -1.80000      1.62500
    -1.40000      1.80000
    -1.00000      2.17500
    -0.60000      2.33750
    -0.20000      2.45000
     0.20000      2.58750
     0.60000      3.03750
     1.00000      2.61250
     1.40000      1.83750
     1.80000      1.96250
     2.20000      1.61250
     2.60000      1.28750
     3.00000      1.07500
     3.40000      0.76250
     3.80000      0.63750
     4.20000      0.33750
     4.60000      0.23750
     5.00000      0.08750
     5.40000      0.01250
     5.80000      0.00000
     6.20000      0.00000
     6.60000      0.00000
     7.00000      0.00000
     7.40000      0.00000
     7.80000      0.00000
     8.20000      0.00000
     8.60000      0.00000
     9.00000      0.00000
     9.40000      0.00000
     9.80000      0.00000
