    -9.80000      0.00000
    -9.40000      0.00000
    -9.00000      0.00000
    -8.60000      0.00000
    -8.20000      0.00000
    -7.80000      0.00000
    -7.40000      0.00000
    -7.00000      0.00000
    -6.60000      0.00000
    -6.20000      0.00000
    -5.80000      0.00000
    -5.40000      0.00000
    -5.00000      0.01250
    -4.60000      0.07500
    -4.20000      0.13750
    -3.80000      0.13750
    -3.40000      0.30000
    -3.00000      0.67500
    -2.60000      0.56250
    -2.20000      0.76250
    -1.80000      1.65000
    -1.40000      1.97500
    -1.00000      2.12500
    -0.60000      2.82500
    -0.20000      2.85000
     0.20000      3.05000
     0.60000      2.65000
     1.00000      2.47500
     1.40000      2.13750
     1.80000      2.02500
     2.20000      1.82500
     2.60000      1.25000
     3.00000      1.03750
     3.40000      0.87500
     3.80000      0.63750
     4.20000      0.37500
     4.60000      0.28750
     5.00000      0.06250
     5.40000      0.01250
     5.80000      0.00000
     6.20000      0.00000
     6.60000      0.00000
     7.00000      0.00000
     7.40000      0.00000
     7.80000      0.00000
     8.20000      0.00000
     8.60000      0.00000
     9.00000      0.00000
     9.40000      0.00000
     9.80000      0.00000
 after hadron evolution
    -9.80000      0.00000
    -9.40000      0.00000
    -9.00000      0.00000
    -8.60000      0.00000
    -8.20000      0.00000
    -7.80000      0.00000
    -7.40000      0.00000
    -7.00000      0.00000
    -6.60000      0.00000
    -6.20000      0.00000
    -5.80000      0.00000
    -5.40000      0.01250
    -5.00000      0.06250
    -4.60000      0.20000
    -4.20000      0.40000
    -3.80000      0.53750
    -3.40000      0.86250
    -3.00000      1.52500
    -2.60000      1.71250
    -2.20000      2.01250
    -1.80000      2.97500
    -1.40000      3.42500
    -1.00000      3.58750
    -0.60000      4.62500
    -0.20000      4.31250
     0.20000      4.88750
     0.60000      4.18750
     1.00000      4.62500
     1.40000      4.08750
     1.80000      4.13750
     2.20000      3.43750
     2.60000      3.01250
     3.00000      2.48750
     3.40000      1.92500
     3.80000      1.42500
     4.20000      0.97500
     4.60000      0.57500
     5.00000      0.25000
     5.40000      0.05000
     5.80000      0.00000
     6.20000      0.00000
     6.60000      0.00000
     7.00000      0.00000
     7.40000      0.00000
     7.80000      0.00000
     8.20000      0.00000
     8.60000      0.00000
     9.00000      0.00000
     9.40000      0.00000
     9.80000      0.00000
