    -9.80000      0.00000
    -9.40000      0.00000
    -9.00000      0.00000
    -8.60000      0.00000
    -8.20000      0.00000
    -7.80000      0.00000
    -7.40000      0.00000
    -7.00000      0.01250
    -6.60000      0.06250
    -6.20000      0.13750
    -5.80000      0.25000
    -5.40000      0.88750
    -5.00000      1.82500
    -4.60000      2.68750
    -4.20000      4.38750
    -3.80000      6.23750
    -3.40000      8.48750
    -3.00000     10.82500
    -2.60000     13.23750
    -2.20000     15.13750
    -1.80000     18.01250
    -1.40000     18.47500
    -1.00000     19.67500
    -0.60000     20.12500
    -0.20000     19.78750
     0.20000     19.88750
     0.60000     21.11250
     1.00000     20.98750
     1.40000     22.16250
     1.80000     21.11250
     2.20000     20.51250
     2.60000     17.37500
     3.00000     14.63750
     3.40000     12.71250
     3.80000      9.97500
     4.20000      7.68750
     4.60000      5.18750
     5.00000      3.67500
     5.40000      1.85000
     5.80000      0.85000
     6.20000      0.37500
     6.60000      0.08750
     7.00000      0.03750
     7.40000      0.00000
     7.80000      0.00000
     8.20000      0.00000
     8.60000      0.00000
     9.00000      0.00000
     9.40000      0.00000
     9.80000      0.00000
 after hadron evolution
    -9.80000      0.00000
    -9.40000      0.00000
    -9.00000      0.00000
    -8.60000      0.00000
    -8.20000      0.00000
    -7.80000      0.00000
    -7.40000      0.00000
    -7.00000      0.01250
    -6.60000      0.07500
    -6.20000      0.32500
    -5.80000      0.81250
    -5.40000      2.47500
    -5.00000      5.46250
    -4.60000     10.08750
    -4.20000     15.95000
    -3.80000     24.88750
    -3.40000     32.61250
    -3.00000     41.61250
    -2.60000     49.96250
    -2.20000     59.67500
    -1.80000     66.05000
    -1.40000     71.71249
    -1.00000     80.01250
    -0.60000     83.99999
    -0.20000     88.52499
     0.20000     89.76250
     0.60000     89.77499
     1.00000     85.67500
     1.40000     82.83749
     1.80000     76.46249
     2.20000     69.38750
     2.60000     64.49999
     3.00000     56.28750
     3.40000     47.93750
     3.80000     37.91250
     4.20000     28.65000
     4.60000     19.68750
     5.00000     11.51250
     5.40000      5.76250
     5.80000      2.13750
     6.20000      0.81250
     6.60000      0.15000
     7.00000      0.05000
     7.40000      0.00000
     7.80000      0.00000
     8.20000      0.00000
     8.60000      0.00000
     9.00000      0.00000
     9.40000      0.00000
     9.80000      0.00000
