    -9.80000      0.00000
    -9.40000      0.00000
    -9.00000      0.00000
    -8.60000      0.00000
    -8.20000      0.00000
    -7.80000      0.00000
    -7.40000      0.00000
    -7.00000      0.00000
    -6.60000      0.00000
    -6.20000      0.00000
    -5.80000      0.00000
    -5.40000      0.02500
    -5.00000      0.13750
    -4.60000      0.25000
    -4.20000      0.48750
    -3.80000      0.62500
    -3.40000      0.93750
    -3.00000      0.85000
    -2.60000      1.08750
    -2.20000      1.32500
    -1.80000      1.16250
    -1.40000      1.21250
    -1.00000      1.48750
    -0.60000      1.35000
    -0.20000      1.76250
     0.20000      1.90000
     0.60000      1.78750
     1.00000      1.70000
     1.40000      1.60000
     1.80000      1.52500
     2.20000      1.93750
     2.60000      1.58750
     3.00000      1.70000
     3.40000      1.52500
     3.80000      1.45000
     4.20000      1.48750
     4.60000      0.87500
     5.00000      0.33750
     5.40000      0.11250
     5.80000      0.00000
     6.20000      0.00000
     6.60000      0.00000
     7.00000      0.00000
     7.40000      0.00000
     7.80000      0.00000
     8.20000      0.00000
     8.60000      0.00000
     9.00000      0.00000
     9.40000      0.00000
     9.80000      0.00000
 after hadron evolution
    -9.80000      0.00000
    -9.40000      0.00000
    -9.00000      0.00000
    -8.60000      0.00000
    -8.20000      0.00000
    -7.80000      0.00000
    -7.40000      0.00000
    -7.00000      0.00000
    -6.60000      0.00000
    -6.20000      0.00000
    -5.80000      0.00000
    -5.40000      0.06250
    -5.00000      0.27500
    -4.60000      0.61250
    -4.20000      1.06250
    -3.80000      1.23750
    -3.40000      1.61250
    -3.00000      1.60000
    -2.60000      1.63750
    -2.20000      2.06250
    -1.80000      1.75000
    -1.40000      1.83750
    -1.00000      2.26250
    -0.60000      2.02500
    -0.20000      2.50000
     0.20000      2.52500
     0.60000      2.41250
     1.00000      2.46250
     1.40000      2.33750
     1.80000      2.11250
     2.20000      2.48750
     2.60000      2.36250
     3.00000      2.43750
     3.40000      2.35000
     3.80000      2.45000
     4.20000      2.27500
     4.60000      1.37500
     5.00000      0.70000
     5.40000      0.16250
     5.80000      0.00000
     6.20000      0.00000
     6.60000      0.00000
     7.00000      0.00000
     7.40000      0.00000
     7.80000      0.00000
     8.20000      0.00000
     8.60000      0.00000
     9.00000      0.00000
     9.40000      0.00000
     9.80000      0.00000
