    -9.80000      0.00000
    -9.40000      0.00000
    -9.00000      0.00000
    -8.60000      0.00000
    -8.20000      0.00000
    -7.80000      0.00000
    -7.40000      0.00000
    -7.00000      0.01250
    -6.60000      0.06250
    -6.20000      0.13750
    -5.80000      0.27500
    -5.40000      1.13750
    -5.00000      2.88750
    -4.60000      6.12500
    -4.20000     10.40000
    -3.80000     16.28750
    -3.40000     22.03750
    -3.00000     27.58750
    -2.60000     33.03750
    -2.20000     39.96250
    -1.80000     46.18750
    -1.40000     50.53750
    -1.00000     53.97500
    -0.60000     57.07500
    -0.20000     58.27500
     0.20000     59.30000
     0.60000     59.96250
     1.00000     57.68750
     1.40000     56.50000
     1.80000     53.30000
     2.20000     51.15000
     2.60000     44.65000
     3.00000     39.37500
     3.40000     33.96250
     3.80000     26.93750
     4.20000     20.88750
     4.60000     13.07500
     5.00000      7.42500
     5.40000      2.73750
     5.80000      0.90000
     6.20000      0.37500
     6.60000      0.08750
     7.00000      0.03750
     7.40000      0.00000
     7.80000      0.00000
     8.20000      0.00000
     8.60000      0.00000
     9.00000      0.00000
     9.40000      0.00000
     9.80000      0.00000
 after hadron evolution
    -9.80000      0.00000
    -9.40000      0.00000
    -9.00000      0.00000
    -8.60000      0.00000
    -8.20000      0.00000
    -7.80000      0.00000
    -7.40000      0.00000
    -7.00000      0.01250
    -6.60000      0.07500
    -6.20000      0.32500
    -5.80000      0.82500
    -5.40000      2.48750
    -5.00000      5.73750
    -4.60000     10.91250
    -4.20000     17.87500
    -3.80000     28.58750
    -3.40000     38.08750
    -3.00000     48.53750
    -2.60000     60.25000
    -2.20000     71.71249
    -1.80000     79.39999
    -1.40000     87.56249
    -1.00000     98.62499
    -0.60000    103.84999
    -0.20000    109.01250
     0.20000    111.31249
     0.60000    111.76250
     1.00000    105.18749
     1.40000    101.36250
     1.80000     93.31249
     2.20000     85.08749
     2.60000     78.70000
     3.00000     67.85000
     3.40000     57.42500
     3.80000     44.26250
     4.20000     33.11250
     4.60000     22.23750
     5.00000     12.52500
     5.40000      5.96250
     5.80000      2.15000
     6.20000      0.81250
     6.60000      0.15000
     7.00000      0.05000
     7.40000      0.00000
     7.80000      0.00000
     8.20000      0.00000
     8.60000      0.00000
     9.00000      0.00000
     9.40000      0.00000
     9.80000      0.00000
